shape_id,shape_pt_lat,shape_pt_lon,shape_pt_sequence
Blue-All,40.37665,-105.48222,1
Blue-All,40.37664,-105.48261,2
Blue-All,40.37659,-105.48287,3
Blue-All,40.37655,-105.48294,4
Blue-All,40.3765,-105.48296,5
Blue-All,40.37644,-105.48296,6
Blue-All,40.3764,-105.48298,7
Blue-All,40.37639,-105.48306,8
Blue-All,40.37648,-105.48374,9
Blue-All,40.37648,-105.48383,10
Blue-All,40.37659,-105.48426,11
Blue-All,40.37675,-105.48478,12
Blue-All,40.37766,-105.48685,13
Blue-All,40.37821,-105.48807,14
Blue-All,40.37901,-105.48982,15
Blue-All,40.37932,-105.49053,16
Blue-All,40.37946,-105.49049,17
Blue-All,40.37954,-105.49047,18
Blue-All,40.37968,-105.4905,19
Blue-All,40.38002,-105.49059,20
Blue-All,40.38021,-105.49061,21
Blue-All,40.38055,-105.49056,22
Blue-All,40.38107,-105.49041,23
Blue-All,40.38236,-105.49002,24
Blue-All,40.38371,-105.4896,25
Blue-All,40.38415,-105.48944,26
Blue-All,40.38554,-105.48901,27
Blue-All,40.38636,-105.48878,28
Blue-All,40.38662,-105.48874,29
Blue-All,40.38696,-105.48873,30
Blue-All,40.38727,-105.48872,31
Blue-All,40.3875,-105.48869,32
Blue-All,40.38783,-105.48858,33
Blue-All,40.388,-105.48856,34
Blue-All,40.38839,-105.48856,35
Blue-All,40.38888,-105.48865,36
Blue-All,40.38913,-105.48872,37
Blue-All,40.3894,-105.48874,38
Blue-All,40.38965,-105.48872,39
Blue-All,40.39002,-105.4886,40
Blue-All,40.39044,-105.48842,41
Blue-All,40.39078,-105.48829,42
Blue-All,40.3908,-105.48843,43
Blue-All,40.39083,-105.48864,44
Blue-All,40.39083,-105.48878,45
Blue-All,40.39083,-105.48897,46
Blue-All,40.39078,-105.4893,47
Blue-All,40.39074,-105.48937,48
Blue-All,40.39081,-105.48941,49
Blue-All,40.39094,-105.48951,50
Blue-All,40.39101,-105.48972,51
Blue-All,40.3911,-105.48969,52
Blue-All,40.39114,-105.48991,53
Blue-All,40.39123,-105.49036,54
Blue-All,40.39127,-105.49045,55
Blue-All,40.3913,-105.49056,56
Blue-All,40.39127,-105.49068,57
Blue-All,40.39121,-105.49072,58
Blue-All,40.39115,-105.49072,59
Blue-All,40.3911,-105.49071,60
Blue-All,40.39108,-105.49065,61
Blue-All,40.39106,-105.49045,62
Blue-All,40.39092,-105.48977,63
Blue-All,40.39101,-105.48972,64
Blue-All,40.39094,-105.48951,65
Blue-All,40.39081,-105.48941,66
Blue-All,40.39074,-105.48937,67
Blue-All,40.39058,-105.48973,68
Blue-All,40.39018,-105.49054,69
Blue-All,40.39014,-105.49076,70
Blue-All,40.39014,-105.49099,71
Blue-All,40.39061,-105.49277,72
Blue-All,40.38993,-105.49304,73
Blue-All,40.3897,-105.49313,74
Blue-All,40.38951,-105.49315,75
Blue-All,40.38936,-105.4931,76
Blue-All,40.38922,-105.49297,77
Blue-All,40.3891,-105.49279,78
Blue-All,40.38904,-105.49257,79
Blue-All,40.38901,-105.49053,80
Blue-All,40.38902,-105.4889,81
Blue-All,40.38903,-105.48869,82
Blue-All,40.38888,-105.48865,83
Blue-All,40.38849,-105.48857,84
Blue-All,40.38839,-105.48856,85
Blue-All,40.38826,-105.48855,86
Blue-All,40.38815,-105.48856,87
Blue-All,40.38813,-105.48856,88
Blue-All,40.388,-105.48856,89
Blue-All,40.38788,-105.48858,90
Blue-All,40.38783,-105.48858,91
Blue-All,40.38775,-105.4886,92
Blue-All,40.3875,-105.48869,93
Blue-All,40.38738,-105.48872,94
Blue-All,40.38728,-105.48874,95
Blue-All,40.38715,-105.48875,96
Blue-All,40.38704,-105.48874,97
Blue-All,40.38683,-105.48875,98
Blue-All,40.38663,-105.48875,99
Blue-All,40.38652,-105.48876,100
Blue-All,40.38636,-105.48878,101
Blue-All,40.38623,-105.48882,102
Blue-All,40.38554,-105.48902,103
Blue-All,40.3843,-105.48941,104
Blue-All,40.38415,-105.48944,105
Blue-All,40.38386,-105.48954,106
Blue-All,40.38372,-105.4896,107
Blue-All,40.38329,-105.48974,108
Blue-All,40.38314,-105.48977,109
Blue-All,40.38244,-105.49,110
Blue-All,40.38236,-105.49003,111
Blue-All,40.38134,-105.49034,112
Blue-All,40.38137,-105.49044,113
Blue-All,40.3815,-105.49081,114
Blue-All,40.38154,-105.49092,115
Blue-All,40.3816,-105.49106,116
Blue-All,40.38171,-105.49132,117
Blue-All,40.38193,-105.49181,118
Blue-All,40.38209,-105.49213,119
Blue-All,40.38227,-105.49254,120
Blue-All,40.38236,-105.49273,121
Blue-All,40.38263,-105.49334,122
Blue-All,40.38286,-105.49386,123
Blue-All,40.38291,-105.494,124
Blue-All,40.38292,-105.49407,125
Blue-All,40.38293,-105.49435,126
Blue-All,40.38292,-105.49444,127
Blue-All,40.38292,-105.49591,128
Blue-All,40.38293,-105.4962,129
Blue-All,40.38293,-105.49645,130
Blue-All,40.38294,-105.49659,131
Blue-All,40.38295,-105.49667,132
Blue-All,40.38297,-105.49677,133
Blue-All,40.38299,-105.49684,134
Blue-All,40.38302,-105.49692,135
Blue-All,40.38307,-105.49708,136
Blue-All,40.38314,-105.49731,137
Blue-All,40.38319,-105.49746,138
Blue-All,40.38333,-105.49786,139
Blue-All,40.38299,-105.49804,140
Blue-All,40.38274,-105.49818,141
Blue-All,40.38279,-105.49834,142
Blue-All,40.38285,-105.49853,143
Blue-All,40.38311,-105.49941,144
Blue-All,40.38321,-105.49976,145
Blue-All,40.38327,-105.49996,146
Blue-All,40.38333,-105.50019,147
Blue-All,40.38343,-105.5006,148
Blue-All,40.38346,-105.50073,149
Blue-All,40.3835,-105.50088,150
Blue-All,40.38353,-105.50101,151
Blue-All,40.38353,-105.5011,152
Blue-All,40.38357,-105.50126,153
Blue-All,40.38365,-105.50158,154
Blue-All,40.38373,-105.502,155
Blue-All,40.38377,-105.50221,156
Blue-All,40.38382,-105.50265,157
Blue-All,40.38384,-105.50309,158
Blue-All,40.38385,-105.50331,159
Blue-All,40.38385,-105.50359,160
Blue-All,40.38385,-105.50376,161
Blue-All,40.38383,-105.50399,162
Blue-All,40.38382,-105.50421,163
Blue-All,40.38376,-105.50465,164
Blue-All,40.38373,-105.50488,165
Blue-All,40.38369,-105.5051,166
Blue-All,40.3836,-105.50553,167
Blue-All,40.38354,-105.50574,168
Blue-All,40.38342,-105.50615,169
Blue-All,40.38335,-105.50635,170
Blue-All,40.38328,-105.50655,171
Blue-All,40.3832,-105.50674,172
Blue-All,40.38303,-105.50712,173
Blue-All,40.38264,-105.50795,174
Blue-All,40.38247,-105.50828,175
Blue-All,40.3817,-105.50985,176
Blue-All,40.38149,-105.51028,177
Blue-All,40.38122,-105.51086,178
Blue-All,40.38087,-105.51156,179
Blue-All,40.38079,-105.51173,180
Blue-All,40.38077,-105.51177,181
Blue-All,40.38061,-105.51208,182
Blue-All,40.38059,-105.51227,183
Blue-All,40.38058,-105.51233,184
Blue-All,40.38058,-105.51235,185
Blue-All,40.38058,-105.51238,186
Blue-All,40.38058,-105.51241,187
Blue-All,40.38058,-105.51249,188
Blue-All,40.38061,-105.51253,189
Blue-All,40.38064,-105.5126,190
Blue-All,40.38066,-105.51265,191
Blue-All,40.38067,-105.51271,192
Blue-All,40.38068,-105.51283,193
Blue-All,40.38069,-105.51314,194
Blue-All,40.38068,-105.5133,195
Blue-All,40.38068,-105.51347,196
Blue-All,40.38069,-105.51352,197
Blue-All,40.3807,-105.51358,198
Blue-All,40.38071,-105.51363,199
Blue-All,40.38071,-105.51367,200
Blue-All,40.38074,-105.51374,201
Blue-All,40.38077,-105.51379,202
Blue-All,40.38081,-105.51384,203
Blue-All,40.38082,-105.51384,204
Blue-All,40.38096,-105.51395,205
Blue-All,40.38068,-105.51434,206
Blue-All,40.38038,-105.51472,207
Blue-All,40.38002,-105.51513,208
Blue-All,40.37965,-105.51556,209
Blue-All,40.37952,-105.51571,210
Blue-All,40.37939,-105.51573,211
Blue-All,40.37919,-105.5156,212
Blue-All,40.37918,-105.5156,213
Blue-All,40.37896,-105.51542,214
Blue-All,40.37887,-105.51533,215
Blue-All,40.37876,-105.51524,216
Blue-All,40.37868,-105.51517,217
Blue-All,40.37867,-105.51515,218
Blue-All,40.37867,-105.51509,219
Blue-All,40.3787,-105.515,220
Blue-All,40.37876,-105.51488,221
Blue-All,40.37886,-105.5147,222
Blue-All,40.37893,-105.51454,223
Blue-All,40.37897,-105.51435,224
Blue-All,40.37902,-105.51408,225
Blue-All,40.37901,-105.51392,226
Blue-All,40.37894,-105.51384,227
Blue-All,40.3788,-105.51373,228
Blue-All,40.37875,-105.51367,229
Blue-All,40.37875,-105.51361,230
Blue-All,40.37879,-105.51352,231
Blue-All,40.37885,-105.51341,232
Blue-All,40.37891,-105.51333,233
Blue-All,40.37899,-105.51332,234
Blue-All,40.3791,-105.51331,235
Blue-All,40.37923,-105.51331,236
Blue-All,40.37941,-105.51329,237
Blue-All,40.37954,-105.51331,238
Blue-All,40.3797,-105.51337,239
Blue-All,40.3798,-105.51339,240
Blue-All,40.37988,-105.51333,241
Blue-All,40.37994,-105.51326,242
Blue-All,40.38087,-105.51156,243
Blue-All,40.38261,-105.50801,244
Blue-All,40.38303,-105.50711,245
Blue-All,40.38328,-105.50655,246
Blue-All,40.38342,-105.50614,247
Blue-All,40.3836,-105.50553,248
Blue-All,40.38373,-105.50486,249
Blue-All,40.38378,-105.50454,250
Blue-All,40.38377,-105.50449,251
Blue-All,40.38374,-105.50444,252
Blue-All,40.38369,-105.5044,253
Blue-All,40.38364,-105.50437,254
Blue-All,40.38362,-105.50432,255
Blue-All,40.38362,-105.50425,256
Blue-All,40.38363,-105.50413,257
Blue-All,40.38364,-105.50401,258
Blue-All,40.38366,-105.50395,259
Blue-All,40.3837,-105.50392,260
Blue-All,40.38376,-105.50391,261
Blue-All,40.38381,-105.50388,262
Blue-All,40.38384,-105.50382,263
Blue-All,40.38384,-105.50308,264
Blue-All,40.3838,-105.50261,265
Blue-All,40.38373,-105.502,266
Blue-All,40.38357,-105.50126,267
Blue-All,40.38353,-105.5011,268
Blue-All,40.38347,-105.50101,269
Blue-All,40.38335,-105.5006,270
Blue-All,40.3831,-105.49971,271
Blue-All,40.38265,-105.49824,272
Blue-All,40.38235,-105.49743,273
Blue-All,40.3816,-105.49574,274
Blue-All,40.38159,-105.49563,275
Blue-All,40.38125,-105.4949,276
Blue-All,40.38033,-105.49279,277
Blue-All,40.38006,-105.49219,278
Blue-All,40.37999,-105.49203,279
Blue-All,40.37977,-105.49218,280
Blue-All,40.37968,-105.49225,281
Blue-All,40.37947,-105.49246,282
Blue-All,40.37928,-105.49248,283
Blue-All,40.37919,-105.49248,284
Blue-All,40.37878,-105.49247,285
Blue-All,40.37883,-105.49225,286
Blue-All,40.3789,-105.49198,287
Blue-All,40.3791,-105.49174,288
Blue-All,40.3793,-105.49158,289
Blue-All,40.37934,-105.49158,290
Blue-All,40.37942,-105.49158,291
Blue-All,40.3795,-105.49164,292
Blue-All,40.37966,-105.49207,293
Blue-All,40.37977,-105.49218,294
Blue-All,40.37999,-105.49203,295
Blue-All,40.37966,-105.49128,296
Blue-All,40.37776,-105.4871,297
Blue-All,40.37689,-105.48513,298
Blue-All,40.3767,-105.48466,299
Blue-All,40.37662,-105.48451,300
Blue-All,40.37651,-105.48421,301
Blue-All,40.37642,-105.48385,302
Blue-All,40.37637,-105.48349,303
Blue-All,40.37635,-105.48313,304
Blue-All,40.37635,-105.48261,305
Blue-All,40.37642,-105.48205,306
Blue-All,40.37644,-105.48199,307
Blue-All,40.37648,-105.48195,308
Blue-All,40.37655,-105.48194,309
Blue-All,40.37661,-105.48199,310
Blue-All,40.37664,-105.48207,311
Blue-All,40.37665,-105.48217,312
Blue-All,40.37665,-105.4823,313
Blue-All,40.37665,-105.48243,314
Blue-All,40.37664,-105.4826,315
Blue-All,40.3766,-105.48287,316
Blue-Ltd,40.37665,-105.48222,1
Blue-Ltd,40.37664,-105.48261,2
Blue-Ltd,40.37659,-105.48287,3
Blue-Ltd,40.37655,-105.48294,4
Blue-Ltd,40.3765,-105.48296,5
Blue-Ltd,40.37644,-105.48296,6
Blue-Ltd,40.3764,-105.48298,7
Blue-Ltd,40.37639,-105.48306,8
Blue-Ltd,40.37648,-105.48374,9
Blue-Ltd,40.37648,-105.48383,10
Blue-Ltd,40.37659,-105.48426,11
Blue-Ltd,40.37675,-105.48478,12
Blue-Ltd,40.37766,-105.48685,13
Blue-Ltd,40.37821,-105.48807,14
Blue-Ltd,40.37901,-105.48982,15
Blue-Ltd,40.37932,-105.49053,16
Blue-Ltd,40.37946,-105.49049,17
Blue-Ltd,40.37954,-105.49048,18
Blue-Ltd,40.3796,-105.49049,19
Blue-Ltd,40.37968,-105.49051,20
Blue-Ltd,40.37994,-105.49058,21
Blue-Ltd,40.38002,-105.49059,22
Blue-Ltd,40.3802,-105.49061,23
Blue-Ltd,40.38021,-105.49061,24
Blue-Ltd,40.38037,-105.4906,25
Blue-Ltd,40.38055,-105.49057,26
Blue-Ltd,40.38075,-105.49053,27
Blue-Ltd,40.38108,-105.49042,28
Blue-Ltd,40.38133,-105.49034,29
Blue-Ltd,40.38154,-105.49091,30
Blue-Ltd,40.38167,-105.49126,31
Blue-Ltd,40.38179,-105.49152,32
Blue-Ltd,40.38191,-105.49177,33
Blue-Ltd,40.38211,-105.49215,34
Blue-Ltd,40.3829,-105.49398,35
Blue-Ltd,40.38291,-105.49416,36
Blue-Ltd,40.38289,-105.49555,37
Blue-Ltd,40.3829,-105.49638,38
Blue-Ltd,40.38293,-105.49662,39
Blue-Ltd,40.38298,-105.49688,40
Blue-Ltd,40.38323,-105.49757,41
Blue-Ltd,40.38333,-105.49786,42
Blue-Ltd,40.38299,-105.49804,43
Blue-Ltd,40.38274,-105.49818,44
Blue-Ltd,40.38279,-105.49834,45
Blue-Ltd,40.38285,-105.49853,46
Blue-Ltd,40.38296,-105.49888,47
Blue-Ltd,40.38311,-105.49941,48
Blue-Ltd,40.38321,-105.49976,49
Blue-Ltd,40.38327,-105.49996,50
Blue-Ltd,40.38333,-105.50019,51
Blue-Ltd,40.38343,-105.5006,52
Blue-Ltd,40.38346,-105.50073,53
Blue-Ltd,40.3835,-105.50088,54
Blue-Ltd,40.38353,-105.50101,55
Blue-Ltd,40.38353,-105.5011,56
Blue-Ltd,40.38357,-105.50126,57
Blue-Ltd,40.38365,-105.50158,58
Blue-Ltd,40.38373,-105.502,59
Blue-Ltd,40.38377,-105.50221,60
Blue-Ltd,40.38382,-105.50265,61
Blue-Ltd,40.38384,-105.50309,62
Blue-Ltd,40.38385,-105.50331,63
Blue-Ltd,40.38385,-105.50359,64
Blue-Ltd,40.38385,-105.50376,65
Blue-Ltd,40.38383,-105.50399,66
Blue-Ltd,40.38382,-105.50421,67
Blue-Ltd,40.38376,-105.50465,68
Blue-Ltd,40.38373,-105.50488,69
Blue-Ltd,40.38369,-105.5051,70
Blue-Ltd,40.3836,-105.50553,71
Blue-Ltd,40.38354,-105.50574,72
Blue-Ltd,40.38342,-105.50615,73
Blue-Ltd,40.38335,-105.50635,74
Blue-Ltd,40.38328,-105.50655,75
Blue-Ltd,40.3832,-105.50674,76
Blue-Ltd,40.38303,-105.50712,77
Blue-Ltd,40.38264,-105.50795,78
Blue-Ltd,40.38247,-105.50828,79
Blue-Ltd,40.3817,-105.50985,80
Blue-Ltd,40.38149,-105.51028,81
Blue-Ltd,40.38122,-105.51086,82
Blue-Ltd,40.38087,-105.51156,83
Blue-Ltd,40.38079,-105.51173,84
Blue-Ltd,40.38077,-105.51177,85
Blue-Ltd,40.38061,-105.51208,86
Blue-Ltd,40.38059,-105.51227,87
Blue-Ltd,40.38058,-105.51233,88
Blue-Ltd,40.38058,-105.51235,89
Blue-Ltd,40.38058,-105.51238,90
Blue-Ltd,40.38058,-105.51241,91
Blue-Ltd,40.38058,-105.51249,92
Blue-Ltd,40.38061,-105.51253,93
Blue-Ltd,40.38064,-105.5126,94
Blue-Ltd,40.38066,-105.51265,95
Blue-Ltd,40.38067,-105.51271,96
Blue-Ltd,40.38068,-105.51283,97
Blue-Ltd,40.38069,-105.51314,98
Blue-Ltd,40.38068,-105.5133,99
Blue-Ltd,40.38068,-105.51347,100
Blue-Ltd,40.38069,-105.51352,101
Blue-Ltd,40.3807,-105.51358,102
Blue-Ltd,40.38071,-105.51363,103
Blue-Ltd,40.38071,-105.51367,104
Blue-Ltd,40.38074,-105.51374,105
Blue-Ltd,40.38077,-105.51379,106
Blue-Ltd,40.38081,-105.51384,107
Blue-Ltd,40.38082,-105.51384,108
Blue-Ltd,40.38096,-105.51395,109
Blue-Ltd,40.38068,-105.51434,110
Blue-Ltd,40.38038,-105.51472,111
Blue-Ltd,40.38002,-105.51513,112
Blue-Ltd,40.37965,-105.51556,113
Blue-Ltd,40.37952,-105.51571,114
Blue-Ltd,40.37939,-105.51573,115
Blue-Ltd,40.37919,-105.5156,116
Blue-Ltd,40.37918,-105.5156,117
Blue-Ltd,40.37896,-105.51542,118
Blue-Ltd,40.37887,-105.51533,119
Blue-Ltd,40.37876,-105.51524,120
Blue-Ltd,40.37868,-105.51517,121
Blue-Ltd,40.37867,-105.51515,122
Blue-Ltd,40.37867,-105.51509,123
Blue-Ltd,40.3787,-105.515,124
Blue-Ltd,40.37876,-105.51488,125
Blue-Ltd,40.37886,-105.5147,126
Blue-Ltd,40.37893,-105.51454,127
Blue-Ltd,40.37897,-105.51435,128
Blue-Ltd,40.37902,-105.51408,129
Blue-Ltd,40.37901,-105.51392,130
Blue-Ltd,40.37894,-105.51384,131
Blue-Ltd,40.3788,-105.51373,132
Blue-Ltd,40.37875,-105.51367,133
Blue-Ltd,40.37875,-105.51361,134
Blue-Ltd,40.37879,-105.51352,135
Blue-Ltd,40.37885,-105.51341,136
Blue-Ltd,40.37891,-105.51333,137
Blue-Ltd,40.37899,-105.51332,138
Blue-Ltd,40.3791,-105.51331,139
Blue-Ltd,40.37923,-105.51331,140
Blue-Ltd,40.37941,-105.51329,141
Blue-Ltd,40.37954,-105.51331,142
Blue-Ltd,40.3797,-105.51337,143
Blue-Ltd,40.3798,-105.51339,144
Blue-Ltd,40.37988,-105.51333,145
Blue-Ltd,40.37994,-105.51326,146
Blue-Ltd,40.38087,-105.51156,147
Blue-Ltd,40.38261,-105.50801,148
Blue-Ltd,40.38303,-105.50711,149
Blue-Ltd,40.38328,-105.50655,150
Blue-Ltd,40.38342,-105.50614,151
Blue-Ltd,40.3836,-105.50553,152
Blue-Ltd,40.38373,-105.50486,153
Blue-Ltd,40.38378,-105.50454,154
Blue-Ltd,40.38377,-105.50449,155
Blue-Ltd,40.38374,-105.50444,156
Blue-Ltd,40.38369,-105.5044,157
Blue-Ltd,40.38364,-105.50437,158
Blue-Ltd,40.38362,-105.50432,159
Blue-Ltd,40.38362,-105.50425,160
Blue-Ltd,40.38363,-105.50413,161
Blue-Ltd,40.38364,-105.50401,162
Blue-Ltd,40.38366,-105.50395,163
Blue-Ltd,40.3837,-105.50392,164
Blue-Ltd,40.38376,-105.50391,165
Blue-Ltd,40.38381,-105.50388,166
Blue-Ltd,40.38384,-105.50382,167
Blue-Ltd,40.38384,-105.50308,168
Blue-Ltd,40.3838,-105.50261,169
Blue-Ltd,40.38373,-105.502,170
Blue-Ltd,40.38357,-105.50126,171
Blue-Ltd,40.38353,-105.5011,172
Blue-Ltd,40.38347,-105.50101,173
Blue-Ltd,40.38335,-105.5006,174
Blue-Ltd,40.3831,-105.49971,175
Blue-Ltd,40.38265,-105.49824,176
Blue-Ltd,40.38235,-105.49743,177
Blue-Ltd,40.3816,-105.49574,178
Blue-Ltd,40.38159,-105.49563,179
Blue-Ltd,40.38125,-105.4949,180
Blue-Ltd,40.38033,-105.49279,181
Blue-Ltd,40.38006,-105.49219,182
Blue-Ltd,40.37999,-105.49203,183
Blue-Ltd,40.37977,-105.49218,184
Blue-Ltd,40.37968,-105.49225,185
Blue-Ltd,40.37947,-105.49246,186
Blue-Ltd,40.37928,-105.49248,187
Blue-Ltd,40.37919,-105.49248,188
Blue-Ltd,40.37878,-105.49247,189
Blue-Ltd,40.37883,-105.49225,190
Blue-Ltd,40.3789,-105.49198,191
Blue-Ltd,40.3791,-105.49174,192
Blue-Ltd,40.3793,-105.49158,193
Blue-Ltd,40.37934,-105.49158,194
Blue-Ltd,40.37942,-105.49158,195
Blue-Ltd,40.3795,-105.49164,196
Blue-Ltd,40.37966,-105.49207,197
Blue-Ltd,40.37977,-105.49218,198
Blue-Ltd,40.37999,-105.49203,199
Blue-Ltd,40.37966,-105.49128,200
Blue-Ltd,40.37776,-105.4871,201
Blue-Ltd,40.37689,-105.48513,202
Blue-Ltd,40.3767,-105.48466,203
Blue-Ltd,40.37662,-105.48451,204
Blue-Ltd,40.37651,-105.48421,205
Blue-Ltd,40.37642,-105.48385,206
Blue-Ltd,40.37637,-105.48349,207
Blue-Ltd,40.37635,-105.48313,208
Blue-Ltd,40.37635,-105.48261,209
Blue-Ltd,40.37642,-105.48205,210
Blue-Ltd,40.37644,-105.48199,211
Blue-Ltd,40.37648,-105.48195,212
Blue-Ltd,40.37655,-105.48194,213
Blue-Ltd,40.37661,-105.48199,214
Blue-Ltd,40.37664,-105.48207,215
Blue-Ltd,40.37665,-105.48217,216
Blue-Ltd,40.37665,-105.4823,217
Blue-Ltd,40.37665,-105.48243,218
Blue-Ltd,40.37664,-105.4826,219
Blue-Ltd,40.3766,-105.48287,220
Brown,40.37887,-105.51467,1
Brown,40.3789,-105.51461,2
Brown,40.37893,-105.51448,3
Brown,40.37897,-105.51431,4
Brown,40.37901,-105.51409,5
Brown,40.37902,-105.514,6
Brown,40.37901,-105.51394,7
Brown,40.37899,-105.5139,8
Brown,40.37896,-105.51387,9
Brown,40.37889,-105.51381,10
Brown,40.3788,-105.51374,11
Brown,40.37875,-105.51367,12
Brown,40.37875,-105.51361,13
Brown,40.37878,-105.51353,14
Brown,40.37884,-105.51341,15
Brown,40.37891,-105.51332,16
Brown,40.37901,-105.51331,17
Brown,40.37913,-105.5133,18
Brown,40.37928,-105.51329,19
Brown,40.37945,-105.51333,20
Brown,40.3797,-105.51341,21
Brown,40.37985,-105.51351,22
Brown,40.37958,-105.514,23
Brown,40.37917,-105.51477,24
Brown,40.37899,-105.51512,25
Brown,40.37892,-105.51538,26
Brown,40.37846,-105.5162,27
Brown,40.37828,-105.51651,28
Brown,40.37803,-105.51705,29
Brown,40.3779,-105.51686,30
Brown,40.37781,-105.51663,31
Brown,40.37777,-105.51634,32
Brown,40.37777,-105.51618,33
Brown,40.37781,-105.51603,34
Brown,40.37783,-105.51567,35
Brown,40.37783,-105.5153,36
Brown,40.3778,-105.51462,37
Brown,40.37768,-105.51378,38
Brown,40.37751,-105.51309,39
Brown,40.37728,-105.5124,40
Brown,40.37705,-105.51184,41
Brown,40.37692,-105.51159,42
Brown,40.37618,-105.51048,43
Brown,40.37599,-105.51038,44
Brown,40.37536,-105.50975,45
Brown,40.37528,-105.50966,46
Brown,40.37511,-105.50945,47
Brown,40.37467,-105.50905,48
Brown,40.3733,-105.50779,49
Brown,40.37269,-105.50725,50
Brown,40.37111,-105.50585,51
Brown,40.37015,-105.50501,52
Brown,40.36973,-105.5047,53
Brown,40.36901,-105.50425,54
Brown,40.36883,-105.50414,55
Brown,40.36843,-105.50396,56
Brown,40.36783,-105.50374,57
Brown,40.36717,-105.50357,58
Brown,40.36689,-105.50351,59
Brown,40.36617,-105.50345,60
Brown,40.36556,-105.50346,61
Brown,40.36461,-105.50351,62
Brown,40.36371,-105.50362,63
Brown,40.36293,-105.50366,64
Brown,40.35964,-105.50393,65
Brown,40.35824,-105.50407,66
Brown,40.358,-105.50407,67
Brown,40.35751,-105.50412,68
Brown,40.3572,-105.50418,69
Brown,40.35673,-105.50428,70
Brown,40.35627,-105.50445,71
Brown,40.35564,-105.50468,72
Brown,40.35518,-105.50492,73
Brown,40.35468,-105.50524,74
Brown,40.35429,-105.50551,75
Brown,40.35407,-105.50569,76
Brown,40.35368,-105.50603,77
Brown,40.35273,-105.50701,78
Brown,40.3518,-105.50799,79
Brown,40.35109,-105.50873,80
Brown,40.3498,-105.51007,81
Brown,40.34814,-105.5118,82
Brown,40.34714,-105.51285,83
Brown,40.34627,-105.51378,84
Brown,40.34532,-105.51484,85
Brown,40.34383,-105.51641,86
Brown,40.34355,-105.51681,87
Brown,40.34339,-105.51709,88
Brown,40.34312,-105.51769,89
Brown,40.34296,-105.51818,90
Brown,40.34287,-105.51853,91
Brown,40.34281,-105.51884,92
Brown,40.34277,-105.51932,93
Brown,40.34275,-105.51992,94
Brown,40.34282,-105.52053,95
Brown,40.34299,-105.52124,96
Brown,40.34334,-105.52229,97
Brown,40.3434,-105.5226,98
Brown,40.34345,-105.52305,99
Brown,40.34345,-105.52335,100
Brown,40.34342,-105.52364,101
Brown,40.34336,-105.52395,102
Brown,40.34317,-105.52449,103
Brown,40.343,-105.52483,104
Brown,40.34289,-105.52498,105
Brown,40.34265,-105.52525,106
Brown,40.34251,-105.52535,107
Brown,40.34222,-105.52555,108
Brown,40.34195,-105.52567,109
Brown,40.34175,-105.52571,110
Brown,40.3408,-105.52586,111
Brown,40.33692,-105.52636,112
Brown,40.33698,-105.52712,113
Brown,40.33708,-105.52738,114
Brown,40.3372,-105.52766,115
Brown,40.3371,-105.52773,116
Brown,40.33701,-105.52783,117
Brown,40.33694,-105.52801,118
Brown,40.33697,-105.52989,119
Brown,40.33696,-105.53026,120
Brown,40.33708,-105.53034,121
Brown,40.33718,-105.53042,122
Brown,40.33742,-105.53054,123
Brown,40.33762,-105.5307,124
Brown,40.33802,-105.53104,125
Brown,40.33815,-105.53113,126
Brown,40.33833,-105.5312,127
Brown,40.33847,-105.53132,128
Brown,40.33864,-105.5315,129
Brown,40.33876,-105.53163,130
Brown,40.33877,-105.53169,131
Brown,40.33879,-105.53174,132
Brown,40.33906,-105.53152,133
Brown,40.33919,-105.53142,134
Brown,40.33948,-105.53122,135
Brown,40.3397,-105.531,136
Brown,40.33976,-105.53089,137
Brown,40.33993,-105.53053,138
Brown,40.34052,-105.53105,139
Brown,40.34061,-105.53111,140
Brown,40.34105,-105.53152,141
Brown,40.34119,-105.53158,142
Brown,40.34129,-105.5316,143
Brown,40.34144,-105.53158,144
Brown,40.34156,-105.53154,145
Brown,40.34171,-105.53145,146
Brown,40.34183,-105.53132,147
Brown,40.34194,-105.53113,148
Brown,40.34208,-105.53075,149
Brown,40.34234,-105.52985,150
Brown,40.34243,-105.52962,151
Brown,40.34251,-105.52949,152
Brown,40.34264,-105.5294,153
Brown,40.34281,-105.52938,154
Brown,40.34317,-105.52949,155
Brown,40.3437,-105.52972,156
Brown,40.34492,-105.53014,157
Brown,40.34548,-105.53026,158
Brown,40.34569,-105.53033,159
Brown,40.34588,-105.53044,160
Brown,40.34604,-105.53062,161
Brown,40.34618,-105.53084,162
Brown,40.34628,-105.53106,163
Brown,40.34707,-105.53286,164
Brown,40.34714,-105.53312,165
Brown,40.34717,-105.53339,166
Brown,40.34718,-105.53376,167
Brown,40.34713,-105.5355,168
Brown,40.34711,-105.53678,169
Brown,40.34713,-105.53706,170
Brown,40.34718,-105.53735,171
Brown,40.34734,-105.53773,172
Brown,40.34764,-105.53822,173
Brown,40.34776,-105.53836,174
Brown,40.34792,-105.5385,175
Brown,40.3482,-105.53865,176
Brown,40.3487,-105.53879,177
Brown,40.34899,-105.53886,178
Brown,40.34982,-105.53877,179
Brown,40.3501,-105.53875,180
Brown,40.35024,-105.53877,181
Brown,40.35041,-105.53883,182
Brown,40.35051,-105.53895,183
Brown,40.3507,-105.5393,184
Brown,40.35093,-105.53992,185
Brown,40.35123,-105.54064,186
Brown,40.35141,-105.54095,187
Brown,40.35156,-105.54111,188
Brown,40.35227,-105.54163,189
Brown,40.35267,-105.54192,190
Brown,40.35286,-105.542,191
Brown,40.35306,-105.54201,192
Brown,40.35344,-105.54186,193
Brown,40.35371,-105.54177,194
Brown,40.35409,-105.54172,195
Brown,40.35431,-105.54174,196
Brown,40.35467,-105.54181,197
Brown,40.35541,-105.54196,198
Brown,40.35583,-105.54198,199
Brown,40.35606,-105.54196,200
Brown,40.35616,-105.54192,201
Brown,40.35628,-105.54189,202
Brown,40.35657,-105.5418,203
Brown,40.35695,-105.54163,204
Brown,40.3576,-105.54128,205
Brown,40.35792,-105.54116,206
Brown,40.35818,-105.5411,207
Brown,40.35845,-105.54108,208
Brown,40.3587,-105.54111,209
Brown,40.35918,-105.54128,210
Brown,40.35945,-105.54143,211
Brown,40.35998,-105.54171,212
Brown,40.36026,-105.54187,213
Brown,40.36062,-105.54217,214
Brown,40.36092,-105.54235,215
Brown,40.36106,-105.5424,216
Brown,40.36158,-105.54258,217
Brown,40.36178,-105.54272,218
Brown,40.36212,-105.54311,219
Brown,40.36239,-105.5434,220
Brown,40.36254,-105.5435,221
Brown,40.36264,-105.54354,222
Brown,40.36299,-105.54369,223
Brown,40.3631,-105.54362,224
Brown,40.36321,-105.54356,225
Brown,40.36336,-105.54352,226
Brown,40.36349,-105.54345,227
Brown,40.36358,-105.54346,228
Brown,40.3637,-105.5435,229
Brown,40.36383,-105.54349,230
Brown,40.36395,-105.54339,231
Brown,40.3641,-105.5433,232
Brown,40.36423,-105.54329,233
Brown,40.36439,-105.54336,234
Brown,40.36448,-105.54345,235
Brown,40.36448,-105.54356,236
Brown,40.36437,-105.54421,237
Brown,40.36425,-105.5448,238
Brown,40.36418,-105.54507,239
Brown,40.36417,-105.54521,240
Brown,40.36377,-105.54685,241
Brown,40.36359,-105.54759,242
Brown,40.36342,-105.54866,243
Brown,40.36335,-105.54899,244
Brown,40.36277,-105.5511,245
Brown,40.36247,-105.55207,246
Brown,40.3624,-105.55225,247
Brown,40.3623,-105.55249,248
Brown,40.36215,-105.55277,249
Brown,40.36146,-105.55357,250
Brown,40.36131,-105.5538,251
Brown,40.36114,-105.55416,252
Brown,40.36072,-105.55502,253
Brown,40.3605,-105.55541,254
Brown,40.36029,-105.55569,255
Brown,40.36002,-105.55597,256
Brown,40.35985,-105.5561,257
Brown,40.35963,-105.55624,258
Brown,40.35941,-105.55635,259
Brown,40.35893,-105.55646,260
Brown,40.35872,-105.55655,261
Brown,40.35855,-105.55669,262
Brown,40.35842,-105.55687,263
Brown,40.35796,-105.55777,264
Brown,40.35778,-105.55806,265
Brown,40.35716,-105.55936,266
Brown,40.35663,-105.56042,267
Brown,40.35645,-105.56064,268
Brown,40.35625,-105.56081,269
Brown,40.35536,-105.5614,270
Brown,40.3542,-105.56232,271
Brown,40.35359,-105.56286,272
Brown,40.35313,-105.56333,273
Brown,40.35292,-105.56358,274
Brown,40.35271,-105.56383,275
Brown,40.35259,-105.56392,276
Brown,40.35243,-105.56407,277
Brown,40.35231,-105.56428,278
Brown,40.3519,-105.56507,279
Brown,40.35138,-105.56577,280
Brown,40.35117,-105.56614,281
Brown,40.35095,-105.5665,282
Brown,40.35033,-105.56732,283
Brown,40.35013,-105.56753,284
Brown,40.34992,-105.56772,285
Brown,40.34971,-105.56788,286
Brown,40.34856,-105.56855,287
Brown,40.34822,-105.56871,288
Brown,40.34798,-105.56879,289
Brown,40.34785,-105.56882,290
Brown,40.34763,-105.56884,291
Brown,40.34743,-105.56882,292
Brown,40.34727,-105.56876,293
Brown,40.3465,-105.56833,294
Brown,40.34616,-105.56814,295
Brown,40.34564,-105.56797,296
Brown,40.34508,-105.5679,297
Brown,40.34467,-105.56794,298
Brown,40.34426,-105.56798,299
Brown,40.344,-105.56798,300
Brown,40.34373,-105.56794,301
Brown,40.34334,-105.56781,302
Brown,40.34283,-105.56761,303
Brown,40.34225,-105.56733,304
Brown,40.3418,-105.56702,305
Brown,40.34162,-105.56687,306
Brown,40.34152,-105.56699,307
Brown,40.3414,-105.56713,308
Brown,40.34136,-105.5672,309
Brown,40.34129,-105.56738,310
Brown,40.34125,-105.56754,311
Brown,40.34129,-105.56856,312
Brown,40.34134,-105.56876,313
Brown,40.34144,-105.56887,314
Brown,40.34158,-105.56889,315
Brown,40.34174,-105.56889,316
Brown,40.34182,-105.56893,317
Brown,40.34198,-105.56901,318
Brown,40.34213,-105.56915,319
Brown,40.34224,-105.56932,320
Brown,40.34227,-105.56965,321
Brown,40.34223,-105.56997,322
Brown,40.34222,-105.57011,323
Brown,40.34227,-105.57031,324
Brown,40.34253,-105.57087,325
Brown,40.3426,-105.57113,326
Brown,40.34269,-105.57195,327
Brown,40.34268,-105.57241,328
Brown,40.34264,-105.57261,329
Brown,40.34257,-105.57294,330
Brown,40.34249,-105.5731,331
Brown,40.34232,-105.57332,332
Brown,40.3422,-105.57344,333
Brown,40.34208,-105.57353,334
Brown,40.34185,-105.57361,335
Brown,40.34165,-105.57366,336
Brown,40.34113,-105.57393,337
Brown,40.3409,-105.57406,338
Brown,40.34087,-105.57407,339
Brown,40.34085,-105.5741,340
Brown,40.34085,-105.5742,341
Brown,40.3409,-105.57451,342
Brown,40.34093,-105.57458,343
Brown,40.341,-105.57461,344
Brown,40.34115,-105.57457,345
Brown,40.34137,-105.57456,346
Brown,40.34146,-105.57454,347
Brown,40.34148,-105.57448,348
Brown,40.34162,-105.57407,349
Brown,40.34177,-105.57383,350
Brown,40.34185,-105.57369,351
Brown,40.34185,-105.57361,352
Brown,40.34201,-105.57356,353
Brown,40.34213,-105.5735,354
Brown,40.34222,-105.57341,355
Brown,40.3424,-105.57322,356
Brown,40.34249,-105.5731,357
Brown,40.34263,-105.57275,358
Brown,40.34266,-105.57254,359
Brown,40.3427,-105.57221,360
Brown,40.34264,-105.57141,361
Brown,40.34257,-105.571,362
Brown,40.34244,-105.57065,363
Brown,40.34224,-105.57023,364
Brown,40.34222,-105.57005,365
Brown,40.34225,-105.56975,366
Brown,40.34227,-105.56954,367
Brown,40.34224,-105.56932,368
Brown,40.34219,-105.56922,369
Brown,40.34206,-105.56907,370
Brown,40.3419,-105.56896,371
Brown,40.34174,-105.56889,372
Brown,40.3415,-105.56889,373
Brown,40.34144,-105.56887,374
Brown,40.34138,-105.56882,375
Brown,40.34131,-105.56868,376
Brown,40.34127,-105.56814,377
Brown,40.34124,-105.56765,378
Brown,40.34127,-105.56745,379
Brown,40.34134,-105.56726,380
Brown,40.3414,-105.56713,381
Brown,40.34152,-105.56699,382
Brown,40.34162,-105.56687,383
Brown,40.3418,-105.56702,384
Brown,40.34203,-105.56718,385
Brown,40.34236,-105.5674,386
Brown,40.34265,-105.56753,387
Brown,40.34308,-105.56772,388
Brown,40.3436,-105.5679,389
Brown,40.34386,-105.56797,390
Brown,40.34426,-105.56798,391
Brown,40.34481,-105.56792,392
Brown,40.34536,-105.56792,393
Brown,40.34576,-105.56801,394
Brown,40.34626,-105.56819,395
Brown,40.34701,-105.56862,396
Brown,40.34743,-105.56882,397
Brown,40.34763,-105.56884,398
Brown,40.3478,-105.56883,399
Brown,40.34794,-105.56879,400
Brown,40.3481,-105.56876,401
Brown,40.34834,-105.56866,402
Brown,40.3491,-105.56824,403
Brown,40.34981,-105.5678,404
Brown,40.35005,-105.56761,405
Brown,40.35022,-105.56742,406
Brown,40.35064,-105.56693,407
Brown,40.35107,-105.56633,408
Brown,40.35138,-105.56577,409
Brown,40.35193,-105.56501,410
Brown,40.35239,-105.56414,411
Brown,40.35248,-105.56402,412
Brown,40.35271,-105.56383,413
Brown,40.35347,-105.56297,414
Brown,40.3537,-105.56275,415
Brown,40.35489,-105.56176,416
Brown,40.3554,-105.56137,417
Brown,40.35614,-105.56088,418
Brown,40.35635,-105.56072,419
Brown,40.35654,-105.56054,420
Brown,40.35677,-105.56017,421
Brown,40.35718,-105.55932,422
Brown,40.35783,-105.55795,423
Brown,40.358,-105.55768,424
Brown,40.35848,-105.55678,425
Brown,40.35863,-105.5566,426
Brown,40.35883,-105.5565,427
Brown,40.35929,-105.55637,428
Brown,40.35952,-105.55631,429
Brown,40.35974,-105.55618,430
Brown,40.36002,-105.55597,431
Brown,40.3604,-105.55555,432
Brown,40.3606,-105.55525,433
Brown,40.36102,-105.55439,434
Brown,40.36121,-105.55399,435
Brown,40.36137,-105.5537,436
Brown,40.36168,-105.5533,437
Brown,40.36196,-105.553,438
Brown,40.36222,-105.55264,439
Brown,40.36236,-105.55237,440
Brown,40.36265,-105.55151,441
Brown,40.36301,-105.55018,442
Brown,40.36308,-105.54939,443
Brown,40.36308,-105.5487,444
Brown,40.36304,-105.54813,445
Brown,40.36303,-105.54793,446
Brown,40.36305,-105.54771,447
Brown,40.36306,-105.54762,448
Brown,40.36314,-105.54726,449
Brown,40.36329,-105.5468,450
Brown,40.36336,-105.54664,451
Brown,40.36342,-105.5466,452
Brown,40.36353,-105.54656,453
Brown,40.36365,-105.5466,454
Brown,40.36372,-105.54669,455
Brown,40.36375,-105.54674,456
Brown,40.36377,-105.54685,457
Brown,40.36374,-105.54699,458
Brown,40.36363,-105.54744,459
Brown,40.36357,-105.54771,460
Brown,40.36344,-105.54854,461
Brown,40.36346,-105.54878,462
Brown,40.36348,-105.54903,463
Brown,40.36351,-105.54926,464
Brown,40.36359,-105.54957,465
Brown,40.36375,-105.55002,466
Brown,40.364,-105.55058,467
Brown,40.3641,-105.55086,468
Brown,40.36418,-105.55122,469
Brown,40.36465,-105.55239,470
Brown,40.36492,-105.5532,471
Brown,40.36499,-105.55342,472
Brown,40.36515,-105.55403,473
Brown,40.36568,-105.55628,474
Brown,40.36608,-105.55804,475
Brown,40.36663,-105.56011,476
Brown,40.36704,-105.56143,477
Brown,40.36734,-105.56238,478
Brown,40.36744,-105.56268,479
Brown,40.36745,-105.56276,480
Brown,40.36742,-105.56284,481
Brown,40.36735,-105.56289,482
Brown,40.36722,-105.5629,483
Brown,40.36708,-105.56286,484
Brown,40.36694,-105.56275,485
Brown,40.36683,-105.56256,486
Brown,40.36671,-105.56232,487
Brown,40.36661,-105.56204,488
Brown,40.36654,-105.5616,489
Brown,40.36645,-105.56114,490
Brown,40.36642,-105.56091,491
Brown,40.36644,-105.56084,492
Brown,40.36651,-105.56079,493
Brown,40.36659,-105.56082,494
Brown,40.36663,-105.56092,495
Brown,40.36667,-105.56111,496
Brown,40.36673,-105.56144,497
Brown,40.36691,-105.56227,498
Brown,40.36698,-105.56259,499
Brown,40.36704,-105.56275,500
Brown,40.36716,-105.56284,501
Brown,40.36728,-105.56284,502
Brown,40.36736,-105.56278,503
Brown,40.36741,-105.56269,504
Brown,40.3674,-105.56262,505
Brown,40.36703,-105.56142,506
Brown,40.36663,-105.56011,507
Brown,40.36634,-105.55907,508
Brown,40.36632,-105.559,509
Brown,40.36592,-105.55732,510
Brown,40.3658,-105.55678,511
Brown,40.36534,-105.55482,512
Brown,40.36504,-105.55361,513
Brown,40.36479,-105.55279,514
Brown,40.36443,-105.55182,515
Brown,40.36418,-105.55122,516
Brown,40.36412,-105.55115,517
Brown,40.36409,-105.5511,518
Brown,40.36328,-105.54925,519
Brown,40.36318,-105.54899,520
Brown,40.36312,-105.54872,521
Brown,40.36305,-105.54831,522
Brown,40.36304,-105.54813,523
Brown,40.36303,-105.54793,524
Brown,40.36305,-105.54771,525
Brown,40.36314,-105.54726,526
Brown,40.36329,-105.5468,527
Brown,40.36344,-105.54647,528
Brown,40.36377,-105.54588,529
Brown,40.36402,-105.54542,530
Brown,40.36412,-105.54521,531
Brown,40.36423,-105.54491,532
Brown,40.36428,-105.54468,533
Brown,40.36444,-105.54374,534
Brown,40.36445,-105.54365,535
Brown,40.36448,-105.54351,536
Brown,40.36447,-105.54346,537
Brown,40.36444,-105.54343,538
Brown,40.36439,-105.54338,539
Brown,40.36423,-105.54331,540
Brown,40.3641,-105.54331,541
Brown,40.36395,-105.54341,542
Brown,40.36383,-105.5435,543
Brown,40.36371,-105.54351,544
Brown,40.36358,-105.54347,545
Brown,40.36349,-105.54346,546
Brown,40.36336,-105.54353,547
Brown,40.36321,-105.54357,548
Brown,40.3631,-105.54362,549
Brown,40.36303,-105.54367,550
Brown,40.363,-105.54369,551
Brown,40.36254,-105.5435,552
Brown,40.36239,-105.5434,553
Brown,40.36212,-105.54311,554
Brown,40.36178,-105.54272,555
Brown,40.36158,-105.54258,556
Brown,40.36106,-105.5424,557
Brown,40.36069,-105.54222,558
Brown,40.36058,-105.54215,559
Brown,40.36015,-105.5418,560
Brown,40.35998,-105.54171,561
Brown,40.35999,-105.5412,562
Brown,40.35998,-105.54093,563
Brown,40.35991,-105.53925,564
Brown,40.3599,-105.53826,565
Brown,40.35994,-105.53808,566
Brown,40.36004,-105.53796,567
Brown,40.36018,-105.5379,568
Brown,40.36046,-105.53788,569
Brown,40.36113,-105.53787,570
Brown,40.36136,-105.53789,571
Brown,40.36158,-105.53796,572
Brown,40.36189,-105.53807,573
Brown,40.36207,-105.53809,574
Brown,40.36225,-105.53804,575
Brown,40.36238,-105.53794,576
Brown,40.36249,-105.53782,577
Brown,40.36262,-105.53761,578
Brown,40.36282,-105.53712,579
Brown,40.36298,-105.53681,580
Brown,40.36311,-105.53667,581
Brown,40.36328,-105.53661,582
Brown,40.36341,-105.53661,583
Brown,40.36357,-105.53664,584
Brown,40.36396,-105.53681,585
Brown,40.36415,-105.53685,586
Brown,40.36436,-105.53683,587
Brown,40.3646,-105.53673,588
Brown,40.36478,-105.53663,589
Brown,40.36494,-105.53645,590
Brown,40.36502,-105.53604,591
Brown,40.36508,-105.5357,592
Brown,40.36514,-105.53548,593
Brown,40.36533,-105.53499,594
Brown,40.36582,-105.53384,595
Brown,40.36687,-105.53164,596
Brown,40.36704,-105.53119,597
Brown,40.36738,-105.5302,598
Brown,40.36764,-105.52962,599
Brown,40.36779,-105.52939,600
Brown,40.36796,-105.52926,601
Brown,40.36816,-105.52915,602
Brown,40.36845,-105.52901,603
Brown,40.36877,-105.52867,604
Brown,40.36915,-105.52809,605
Brown,40.36962,-105.52722,606
Brown,40.37041,-105.52584,607
Brown,40.37065,-105.52535,608
Brown,40.37079,-105.52503,609
Brown,40.37093,-105.52461,610
Brown,40.37109,-105.52424,611
Brown,40.37128,-105.52355,612
Brown,40.37205,-105.52355,613
Brown,40.37239,-105.52357,614
Brown,40.3724,-105.52344,615
Brown,40.37245,-105.52327,616
Brown,40.37248,-105.52321,617
Brown,40.37257,-105.5231,618
Brown,40.37268,-105.52307,619
Brown,40.37284,-105.52307,620
Brown,40.37348,-105.52318,621
Brown,40.37376,-105.52319,622
Brown,40.37406,-105.5231,623
Brown,40.37422,-105.52304,624
Brown,40.37437,-105.52296,625
Brown,40.37445,-105.52282,626
Brown,40.37445,-105.52269,627
Brown,40.37441,-105.52251,628
Brown,40.37436,-105.52232,629
Brown,40.37432,-105.52217,630
Brown,40.37512,-105.52166,631
Brown,40.37554,-105.52139,632
Brown,40.37564,-105.52133,633
Brown,40.37574,-105.5213,634
Brown,40.37592,-105.52129,635
Brown,40.37619,-105.52139,636
Brown,40.37632,-105.52143,637
Brown,40.37665,-105.52156,638
Brown,40.37687,-105.52062,639
Brown,40.37743,-105.51824,640
Brown,40.37754,-105.51781,641
Brown,40.37761,-105.51762,642
Brown,40.37773,-105.51733,643
Brown,40.37797,-105.51697,644
Brown,40.37802,-105.51688,645
Brown,40.3783,-105.51625,646
Brown,40.37852,-105.51585,647
Brown,40.37884,-105.51531,648
Brown,40.37868,-105.51517,649
Brown,40.37867,-105.51512,650
Brown,40.37869,-105.51503,651
Brown,40.37873,-105.51491,652
Brown,40.37882,-105.51475,653
Brown,40.37891,-105.51461,654
Brown,40.37898,-105.51432,655
Brown,40.37903,-105.514,656
Brown,40.37899,-105.5139,657
Brown,40.37896,-105.51386,658
Brown,40.37883,-105.51375,659
Gold,40.37887,-105.51467,1
Gold,40.3789,-105.51461,2
Gold,40.37893,-105.51448,3
Gold,40.37897,-105.51431,4
Gold,40.37901,-105.51409,5
Gold,40.37902,-105.514,6
Gold,40.37901,-105.51394,7
Gold,40.37899,-105.5139,8
Gold,40.37896,-105.51387,9
Gold,40.37889,-105.51381,10
Gold,40.3788,-105.51374,11
Gold,40.37875,-105.51367,12
Gold,40.37875,-105.51361,13
Gold,40.37878,-105.51353,14
Gold,40.37884,-105.51341,15
Gold,40.37891,-105.51332,16
Gold,40.37901,-105.51331,17
Gold,40.37913,-105.5133,18
Gold,40.37928,-105.51329,19
Gold,40.37945,-105.51333,20
Gold,40.3797,-105.51341,21
Gold,40.37984,-105.51351,22
Gold,40.37957,-105.514,23
Gold,40.37917,-105.51477,24
Gold,40.37899,-105.51512,25
Gold,40.37892,-105.51538,26
Gold,40.37845,-105.5162,27
Gold,40.37827,-105.5165,28
Gold,40.37803,-105.51704,29
Gold,40.37766,-105.51767,30
Gold,40.37751,-105.51792,31
Gold,40.37722,-105.51909,32
Gold,40.37665,-105.52156,33
Gold,40.37637,-105.52265,34
Gold,40.37612,-105.52359,35
Gold,40.37613,-105.52373,36
Gold,40.37614,-105.52467,37
Gold,40.37617,-105.52578,38
Gold,40.37619,-105.52603,39
Gold,40.3763,-105.52638,40
Gold,40.37643,-105.52672,41
Gold,40.37648,-105.52705,42
Gold,40.37648,-105.52738,43
Gold,40.3763,-105.52849,44
Gold,40.37628,-105.52881,45
Gold,40.37628,-105.52929,46
Gold,40.37636,-105.5299,47
Gold,40.37646,-105.53039,48
Gold,40.37657,-105.53071,49
Gold,40.37684,-105.53129,50
Gold,40.37711,-105.5317,51
Gold,40.37742,-105.53208,52
Gold,40.37794,-105.53264,53
Gold,40.37799,-105.53266,54
Gold,40.37805,-105.53263,55
Gold,40.37807,-105.53257,56
Gold,40.37808,-105.5325,57
Gold,40.37809,-105.53242,58
Gold,40.37812,-105.53238,59
Gold,40.37816,-105.5324,60
Gold,40.37817,-105.5325,61
Gold,40.37817,-105.53258,62
Gold,40.37814,-105.53262,63
Gold,40.37811,-105.53264,64
Gold,40.37805,-105.53266,65
Gold,40.37801,-105.53268,66
Gold,40.37797,-105.53268,67
Gold,40.37787,-105.53259,68
Gold,40.37742,-105.53208,69
Gold,40.37711,-105.5317,70
Gold,40.37684,-105.53129,71
Gold,40.37657,-105.53071,72
Gold,40.37646,-105.53039,73
Gold,40.37636,-105.5299,74
Gold,40.37628,-105.52929,75
Gold,40.37628,-105.52881,76
Gold,40.3763,-105.52849,77
Gold,40.37648,-105.52738,78
Gold,40.37648,-105.52705,79
Gold,40.37643,-105.52672,80
Gold,40.3763,-105.52638,81
Gold,40.37619,-105.52603,82
Gold,40.37617,-105.52578,83
Gold,40.37614,-105.52467,84
Gold,40.37613,-105.52373,85
Gold,40.37612,-105.52359,86
Gold,40.37637,-105.52265,87
Gold,40.37665,-105.52156,88
Gold,40.37733,-105.51857,89
Gold,40.37754,-105.51781,90
Gold,40.3776,-105.51761,91
Gold,40.37773,-105.51733,92
Gold,40.37797,-105.51697,93
Gold,40.37802,-105.51688,94
Gold,40.3783,-105.51625,95
Gold,40.37852,-105.51585,96
Gold,40.37881,-105.51535,97
Gold,40.37883,-105.51531,98
Gold,40.37868,-105.51517,99
Gold,40.37867,-105.51509,100
Gold,40.37871,-105.51495,101
Gold,40.37878,-105.51481,102
Gold,40.37886,-105.51469,103
Gold,40.37891,-105.51461,104
Gold,40.37898,-105.51431,105
Gold,40.37903,-105.514,106
Gold,40.37899,-105.5139,107
Gold,40.37892,-105.51382,108
Gold,40.37883,-105.51375,109
Red,40.37887,-105.51467,1
Red,40.3789,-105.51461,2
Red,40.37893,-105.51448,3
Red,40.37897,-105.51431,4
Red,40.37901,-105.51409,5
Red,40.37902,-105.514,6
Red,40.37901,-105.51394,7
Red,40.37899,-105.5139,8
Red,40.37896,-105.51387,9
Red,40.37889,-105.51381,10
Red,40.3788,-105.51374,11
Red,40.37875,-105.51367,12
Red,40.37875,-105.51361,13
Red,40.37878,-105.51353,14
Red,40.37884,-105.51341,15
Red,40.37891,-105.51332,16
Red,40.37901,-105.51331,17
Red,40.37913,-105.5133,18
Red,40.37928,-105.51329,19
Red,40.37963,-105.51339,20
Red,40.37977,-105.51346,21
Red,40.37985,-105.51351,22
Red,40.38007,-105.5131,23
Red,40.3803,-105.51265,24
Red,40.38046,-105.51236,25
Red,40.38053,-105.51243,26
Red,40.38061,-105.51253,27
Red,40.38064,-105.5126,28
Red,40.38067,-105.51271,29
Red,40.38069,-105.51314,30
Red,40.3807,-105.51357,31
Red,40.38071,-105.51366,32
Red,40.38077,-105.51379,33
Red,40.38084,-105.51386,34
Red,40.38093,-105.51393,35
Red,40.38167,-105.51425,36
Red,40.3824,-105.51442,37
Red,40.38246,-105.51442,38
Red,40.38244,-105.51454,39
Red,40.38245,-105.5148,40
Red,40.38247,-105.51557,41
Red,40.38246,-105.51575,42
Red,40.38243,-105.51589,43
Red,40.38238,-105.51603,44
Red,40.38227,-105.51619,45
Red,40.382,-105.51651,46
Red,40.38184,-105.51674,47
Red,40.38168,-105.51719,48
Red,40.38143,-105.51803,49
Red,40.38133,-105.51853,50
Red,40.3813,-105.51893,51
Red,40.3813,-105.51922,52
Red,40.38133,-105.5195,53
Red,40.38139,-105.51978,54
Red,40.38151,-105.52007,55
Red,40.38179,-105.52057,56
Red,40.38196,-105.52076,57
Red,40.38206,-105.52082,58
Red,40.38223,-105.52082,59
Red,40.38232,-105.52079,60
Red,40.38238,-105.52073,61
Red,40.38261,-105.52043,62
Red,40.38277,-105.52026,63
Red,40.38291,-105.52016,64
Red,40.38312,-105.52004,65
Red,40.3834,-105.51983,66
Red,40.38346,-105.51972,67
Red,40.38347,-105.51956,68
Red,40.38346,-105.51907,69
Red,40.38348,-105.51882,70
Red,40.38354,-105.51852,71
Red,40.38365,-105.51823,72
Red,40.38368,-105.51818,73
Red,40.38382,-105.51799,74
Red,40.38387,-105.51787,75
Red,40.3839,-105.51778,76
Red,40.38391,-105.51769,77
Red,40.38392,-105.51731,78
Red,40.38391,-105.51688,79
Red,40.38388,-105.51679,80
Red,40.38383,-105.51672,81
Red,40.38376,-105.51669,82
Red,40.3837,-105.51666,83
Red,40.38363,-105.51669,84
Red,40.38324,-105.51692,85
Red,40.38301,-105.51696,86
Red,40.3829,-105.51695,87
Red,40.38273,-105.5169,88
Red,40.38266,-105.51664,89
Red,40.38259,-105.51657,90
Red,40.38252,-105.5165,91
Red,40.38238,-105.51627,92
Red,40.38234,-105.5162,93
Red,40.3823,-105.51614,94
Red,40.38227,-105.51619,95
Red,40.382,-105.51651,96
Red,40.38184,-105.51674,97
Red,40.38168,-105.51719,98
Red,40.38143,-105.51803,99
Red,40.38133,-105.51853,100
Red,40.38122,-105.51846,101
Red,40.38113,-105.51846,102
Red,40.38075,-105.5186,103
Red,40.38077,-105.51881,104
Red,40.38077,-105.5192,105
Red,40.38051,-105.52202,106
Red,40.38038,-105.52344,107
Red,40.38033,-105.52391,108
Red,40.38028,-105.52413,109
Red,40.38025,-105.52452,110
Red,40.38022,-105.52494,111
Red,40.38018,-105.52588,112
Red,40.38017,-105.52613,113
Red,40.38015,-105.52718,114
Red,40.38019,-105.52863,115
Red,40.38035,-105.53057,116
Red,40.38051,-105.53197,117
Red,40.38069,-105.53289,118
Red,40.38091,-105.5337,119
Red,40.38141,-105.53525,120
Red,40.38299,-105.54,121
Red,40.3832,-105.54065,122
Red,40.38329,-105.54101,123
Red,40.38338,-105.54147,124
Red,40.38364,-105.54273,125
Red,40.38385,-105.54386,126
Red,40.38409,-105.54534,127
Red,40.38416,-105.54585,128
Red,40.38419,-105.54633,129
Red,40.38418,-105.54716,130
Red,40.38413,-105.54782,131
Red,40.38402,-105.54849,132
Red,40.38384,-105.5492,133
Red,40.38361,-105.54987,134
Red,40.38309,-105.55113,135
Red,40.38273,-105.55195,136
Red,40.38248,-105.55264,137
Red,40.38238,-105.55295,138
Red,40.38234,-105.55325,139
Red,40.38236,-105.55371,140
Red,40.38238,-105.5539,141
Red,40.38246,-105.55421,142
Red,40.38253,-105.55441,143
Red,40.38265,-105.55464,144
Red,40.38303,-105.55515,145
Red,40.38372,-105.55603,146
Red,40.38405,-105.55637,147
Red,40.38427,-105.55653,148
Red,40.38443,-105.55663,149
Red,40.38466,-105.55667,150
Red,40.3852,-105.55663,151
Red,40.38525,-105.55662,152
Red,40.38586,-105.55639,153
Red,40.38626,-105.55636,154
Red,40.38647,-105.55637,155
Red,40.38667,-105.55642,156
Red,40.38687,-105.55649,157
Red,40.38711,-105.55662,158
Red,40.38726,-105.55672,159
Red,40.3874,-105.55685,160
Red,40.38762,-105.55707,161
Red,40.38786,-105.55739,162
Red,40.38798,-105.55763,163
Red,40.38822,-105.55825,164
Red,40.38866,-105.55964,165
Red,40.38887,-105.5601,166
Red,40.38907,-105.56044,167
Red,40.38929,-105.56072,168
Red,40.38987,-105.56123,169
Red,40.39017,-105.56146,170
Red,40.39053,-105.56173,171
Red,40.39145,-105.56239,172
Red,40.39172,-105.56256,173
Red,40.3919,-105.56261,174
Red,40.39268,-105.56263,175
Red,40.39304,-105.56267,176
Red,40.39328,-105.56275,177
Red,40.39348,-105.56286,178
Red,40.39364,-105.56299,179
Red,40.39409,-105.56361,180
Red,40.39425,-105.5638,181
Red,40.39439,-105.56393,182
Red,40.39467,-105.56412,183
Red,40.39499,-105.56429,184
Red,40.39571,-105.56461,185
Red,40.39592,-105.56474,186
Red,40.39613,-105.56491,187
Red,40.3963,-105.56508,188
Red,40.3965,-105.56535,189
Red,40.39682,-105.5659,190
Red,40.39801,-105.56803,191
Red,40.39834,-105.56861,192
Red,40.39853,-105.56898,193
Red,40.39872,-105.56943,194
Red,40.39892,-105.57,195
Red,40.39905,-105.57045,196
Red,40.39918,-105.5711,197
Red,40.39926,-105.57168,198
Red,40.39931,-105.57295,199
Red,40.39941,-105.57425,200
Red,40.39947,-105.57459,201
Red,40.39962,-105.57508,202
Red,40.40054,-105.57717,203
Red,40.40065,-105.57754,204
Red,40.4008,-105.57848,205
Red,40.40097,-105.5797,206
Red,40.4013,-105.58183,207
Red,40.40182,-105.58431,208
Red,40.40187,-105.5844,209
Red,40.40212,-105.58533,210
Red,40.40219,-105.58563,211
Red,40.40226,-105.5859,212
Red,40.40214,-105.58596,213
Red,40.40203,-105.58609,214
Red,40.40199,-105.58614,215
Red,40.40207,-105.58625,216
Red,40.40213,-105.58636,217
Red,40.40218,-105.5865,218
Red,40.40221,-105.5869,219
Red,40.40219,-105.58712,220
Red,40.4022,-105.58722,221
Red,40.40221,-105.58728,222
Red,40.40212,-105.58731,223
Red,40.40205,-105.58733,224
Red,40.40198,-105.58729,225
Red,40.40195,-105.58722,226
Red,40.40201,-105.58636,227
Red,40.40202,-105.58632,228
Red,40.40204,-105.58627,229
Red,40.40207,-105.58625,230
Red,40.40199,-105.58614,231
Red,40.40209,-105.58603,232
Red,40.4022,-105.58593,233
Red,40.40214,-105.58567,234
Red,40.40183,-105.58442,235
Red,40.40182,-105.58431,236
Red,40.40173,-105.58384,237
Red,40.4013,-105.58183,238
Red,40.40114,-105.58084,239
Red,40.40074,-105.57806,240
Red,40.40064,-105.57748,241
Red,40.4005,-105.57708,242
Red,40.40007,-105.57611,243
Red,40.39962,-105.57508,244
Red,40.39951,-105.57475,245
Red,40.39943,-105.57439,246
Red,40.39939,-105.57414,247
Red,40.39935,-105.57368,248
Red,40.3993,-105.57254,249
Red,40.39927,-105.57185,250
Red,40.39923,-105.57144,251
Red,40.39909,-105.5706,252
Red,40.39898,-105.5702,253
Red,40.39887,-105.56984,254
Red,40.39853,-105.56898,255
Red,40.39817,-105.5683,256
Red,40.39766,-105.5674,257
Red,40.3969,-105.56604,258
Red,40.39641,-105.5652,259
Red,40.39613,-105.56491,260
Red,40.39584,-105.56468,261
Red,40.39477,-105.56418,262
Red,40.39455,-105.56403,263
Red,40.3943,-105.56385,264
Red,40.39419,-105.56373,265
Red,40.39397,-105.56344,266
Red,40.39375,-105.56313,267
Red,40.39356,-105.56292,268
Red,40.39339,-105.56281,269
Red,40.39314,-105.56268,270
Red,40.39291,-105.56266,271
Red,40.39235,-105.56262,272
Red,40.392,-105.56262,273
Red,40.39178,-105.56258,274
Red,40.39166,-105.56253,275
Red,40.39108,-105.56214,276
Red,40.38987,-105.56123,277
Red,40.38929,-105.56072,278
Red,40.38907,-105.56044,279
Red,40.38887,-105.5601,280
Red,40.38866,-105.55964,281
Red,40.38822,-105.55825,282
Red,40.38798,-105.55763,283
Red,40.38786,-105.55739,284
Red,40.38762,-105.55707,285
Red,40.38726,-105.55672,286
Red,40.38687,-105.55649,287
Red,40.38667,-105.55642,288
Red,40.38647,-105.55637,289
Red,40.38605,-105.55637,290
Red,40.38586,-105.55639,291
Red,40.38547,-105.55654,292
Red,40.3852,-105.55663,293
Red,40.38466,-105.55667,294
Red,40.38443,-105.55663,295
Red,40.38427,-105.55653,296
Red,40.38405,-105.55637,297
Red,40.38372,-105.55603,298
Red,40.38303,-105.55515,299
Red,40.38265,-105.55464,300
Red,40.38253,-105.55441,301
Red,40.38246,-105.55421,302
Red,40.38238,-105.5539,303
Red,40.38236,-105.55371,304
Red,40.38234,-105.55325,305
Red,40.38238,-105.55295,306
Red,40.38248,-105.55264,307
Red,40.38273,-105.55195,308
Red,40.38361,-105.54987,309
Red,40.38384,-105.5492,310
Red,40.38402,-105.54849,311
Red,40.38413,-105.54782,312
Red,40.38418,-105.54716,313
Red,40.38419,-105.54633,314
Red,40.38416,-105.54585,315
Red,40.38403,-105.54489,316
Red,40.38364,-105.54273,317
Red,40.38325,-105.54083,318
Red,40.38309,-105.5403,319
Red,40.38253,-105.53859,320
Red,40.38105,-105.53415,321
Red,40.38083,-105.53341,322
Red,40.38065,-105.53269,323
Red,40.38056,-105.53227,324
Red,40.38047,-105.53167,325
Red,40.3803,-105.53002,326
Red,40.38017,-105.52825,327
Red,40.38016,-105.52681,328
Red,40.38019,-105.5255,329
Red,40.38028,-105.52413,330
Red,40.38026,-105.5239,331
Red,40.38031,-105.52343,332
Red,40.38036,-105.52283,333
Red,40.38062,-105.52008,334
Red,40.38069,-105.51907,335
Red,40.38066,-105.51863,336
Red,40.38063,-105.51846,337
Red,40.38072,-105.51844,338
Red,40.38104,-105.51833,339
Red,40.38119,-105.5183,340
Red,40.38136,-105.51837,341
Red,40.38135,-105.51844,342
Red,40.38131,-105.51871,343
Red,40.3813,-105.51907,344
Red,40.38131,-105.51935,345
Red,40.38136,-105.51965,346
Red,40.38147,-105.52001,347
Red,40.38182,-105.52062,348
Red,40.38204,-105.52082,349
Red,40.38218,-105.52084,350
Red,40.38228,-105.5208,351
Red,40.38235,-105.52076,352
Red,40.38256,-105.5205,353
Red,40.38272,-105.5203,354
Red,40.3829,-105.52017,355
Red,40.38312,-105.52004,356
Red,40.3834,-105.51983,357
Red,40.38346,-105.51972,358
Red,40.38347,-105.51956,359
Red,40.38346,-105.51907,360
Red,40.38348,-105.51882,361
Red,40.38354,-105.51852,362
Red,40.38357,-105.51842,363
Red,40.38368,-105.51818,364
Red,40.38382,-105.51799,365
Red,40.38387,-105.51787,366
Red,40.3839,-105.51778,367
Red,40.38392,-105.51744,368
Red,40.38391,-105.51688,369
Red,40.38388,-105.51679,370
Red,40.38383,-105.51672,371
Red,40.3837,-105.51666,372
Red,40.38363,-105.51669,373
Red,40.38335,-105.51687,374
Red,40.38322,-105.51693,375
Red,40.38301,-105.51696,376
Red,40.3829,-105.51695,377
Red,40.38273,-105.5169,378
Red,40.38266,-105.51664,379
Red,40.38264,-105.51648,380
Red,40.38255,-105.5163,381
Red,40.38241,-105.51607,382
Red,40.38238,-105.51603,383
Red,40.3824,-105.51598,384
Red,40.38245,-105.51582,385
Red,40.38247,-105.51566,386
Red,40.38245,-105.51472,387
Red,40.38244,-105.51454,388
Red,40.38246,-105.51442,389
Red,40.38193,-105.51432,390
Red,40.38168,-105.51425,391
Red,40.38109,-105.514,392
Red,40.38096,-105.51395,393
Red,40.38081,-105.51384,394
Red,40.38074,-105.51373,395
Red,40.38071,-105.51363,396
Red,40.38068,-105.5133,397
Red,40.38068,-105.51283,398
Red,40.38058,-105.51269,399
Red,40.38051,-105.51265,400
Red,40.38043,-105.51265,401
Red,40.38036,-105.5127,402
Red,40.38023,-105.5128,403
Red,40.38007,-105.5131,404
Red,40.37955,-105.51406,405
Red,40.37925,-105.51462,406
Red,40.37899,-105.51512,407
Red,40.37894,-105.51531,408
Red,40.37892,-105.51538,409
Red,40.37884,-105.51531,410
Red,40.3787,-105.51519,411
Red,40.37866,-105.51516,412
Red,40.37865,-105.51513,413
Red,40.37865,-105.51507,414
Red,40.37867,-105.515,415
Red,40.37872,-105.51492,416
Red,40.37879,-105.5148,417
Red,40.37887,-105.51469,418
Red,40.37891,-105.51461,419
Red,40.37903,-105.514,420
Silver,40.37887,-105.51467,1
Silver,40.3789,-105.51461,2
Silver,40.37893,-105.51448,3
Silver,40.37897,-105.51431,4
Silver,40.37901,-105.51409,5
Silver,40.37902,-105.514,6
Silver,40.37901,-105.51394,7
Silver,40.37899,-105.5139,8
Silver,40.37896,-105.51387,9
Silver,40.37889,-105.51381,10
Silver,40.3788,-105.51374,11
Silver,40.37875,-105.51367,12
Silver,40.37875,-105.51361,13
Silver,40.37878,-105.51353,14
Silver,40.37884,-105.51341,15
Silver,40.37891,-105.51332,16
Silver,40.37901,-105.51331,17
Silver,40.37913,-105.5133,18
Silver,40.37928,-105.51329,19
Silver,40.37945,-105.51333,20
Silver,40.3797,-105.51341,21
Silver,40.37984,-105.51351,22
Silver,40.37957,-105.514,23
Silver,40.37917,-105.51477,24
Silver,40.37899,-105.51512,25
Silver,40.37892,-105.51538,26
Silver,40.37846,-105.5162,27
Silver,40.37828,-105.51651,28
Silver,40.37803,-105.51705,29
Silver,40.3779,-105.51686,30
Silver,40.37781,-105.51663,31
Silver,40.37777,-105.51634,32
Silver,40.37777,-105.51618,33
Silver,40.37781,-105.51603,34
Silver,40.37783,-105.51567,35
Silver,40.37783,-105.51526,36
Silver,40.37782,-105.51485,37
Silver,40.37778,-105.51438,38
Silver,40.37769,-105.51386,39
Silver,40.37761,-105.51345,40
Silver,40.37741,-105.51274,41
Silver,40.37711,-105.51197,42
Silver,40.37698,-105.5117,43
Silver,40.37641,-105.51085,44
Silver,40.37597,-105.51097,45
Silver,40.37582,-105.51098,46
Silver,40.37508,-105.51102,47
Silver,40.37486,-105.51097,48
Silver,40.37413,-105.51098,49
Silver,40.37372,-105.511,50
Silver,40.37357,-105.51098,51
Silver,40.37317,-105.51081,52
Silver,40.37261,-105.51054,53
Silver,40.37243,-105.51047,54
Silver,40.37232,-105.51038,55
Silver,40.37226,-105.51056,56
Silver,40.37225,-105.51069,57
Silver,40.37227,-105.51089,58
Silver,40.37231,-105.51179,59
Silver,40.37227,-105.51271,60
Silver,40.37225,-105.51323,61
Silver,40.3723,-105.51385,62
Silver,40.37229,-105.51406,63
Silver,40.37226,-105.51414,64
Silver,40.37222,-105.51418,65
Silver,40.37215,-105.51423,66
Silver,40.37187,-105.51424,67
Silver,40.37155,-105.51424,68
Silver,40.37135,-105.51424,69
Silver,40.37129,-105.51427,70
Silver,40.37098,-105.51459,71
Silver,40.37086,-105.51481,72
Silver,40.37081,-105.51504,73
Silver,40.37081,-105.51522,74
Silver,40.37091,-105.51526,75
Silver,40.37093,-105.51529,76
Silver,40.37095,-105.51542,77
Silver,40.37099,-105.51548,78
Silver,40.37118,-105.51558,79
Silver,40.3712,-105.5156,80
Silver,40.37133,-105.51574,81
Silver,40.37138,-105.51587,82
Silver,40.37139,-105.51597,83
Silver,40.37149,-105.51602,84
Silver,40.3717,-105.51614,85
Silver,40.37194,-105.51623,86
Silver,40.37211,-105.51627,87
Silver,40.37219,-105.51625,88
Silver,40.37226,-105.51618,89
Silver,40.3723,-105.51607,90
Silver,40.37231,-105.51603,91
Silver,40.37231,-105.51587,92
Silver,40.37221,-105.51564,93
Silver,40.3722,-105.51421,94
Silver,40.37228,-105.51409,95
Silver,40.3723,-105.51402,96
Silver,40.37228,-105.51368,97
Silver,40.37226,-105.5131,98
Silver,40.37231,-105.51179,99
Silver,40.37225,-105.51069,100
Silver,40.37226,-105.51056,101
Silver,40.37232,-105.51038,102
Silver,40.37243,-105.51047,103
Silver,40.37261,-105.51054,104
Silver,40.37317,-105.51081,105
Silver,40.37357,-105.51098,106
Silver,40.37372,-105.511,107
Silver,40.37413,-105.51098,108
Silver,40.37486,-105.51097,109
Silver,40.37508,-105.51102,110
Silver,40.37547,-105.511,111
Silver,40.37548,-105.51094,112
Silver,40.37549,-105.51085,113
Silver,40.37545,-105.51079,114
Silver,40.37528,-105.51077,115
Silver,40.37507,-105.51079,116
Silver,40.37497,-105.51075,117
Silver,40.37492,-105.51065,118
Silver,40.37487,-105.5105,119
Silver,40.37479,-105.5104,120
Silver,40.37474,-105.51032,121
Silver,40.37474,-105.5102,122
Silver,40.37478,-105.50995,123
Silver,40.37487,-105.50966,124
Silver,40.37494,-105.50947,125
Silver,40.37493,-105.50932,126
Silver,40.37457,-105.50896,127
Silver,40.3733,-105.50779,128
Silver,40.37269,-105.50725,129
Silver,40.37234,-105.50693,130
Silver,40.37243,-105.50675,131
Silver,40.37269,-105.50638,132
Silver,40.37295,-105.50605,133
Silver,40.37317,-105.50581,134
Silver,40.37341,-105.50554,135
Silver,40.37371,-105.50529,136
Silver,40.37406,-105.50504,137
Silver,40.37431,-105.50488,138
Silver,40.37453,-105.50479,139
Silver,40.37484,-105.50467,140
Silver,40.37514,-105.50458,141
Silver,40.37524,-105.50456,142
Silver,40.37506,-105.50315,143
Silver,40.37493,-105.50211,144
Silver,40.3748,-105.50114,145
Silver,40.37454,-105.49914,146
Silver,40.37365,-105.49236,147
Silver,40.37358,-105.49185,148
Silver,40.37332,-105.49189,149
Silver,40.3732,-105.49191,150
Silver,40.37307,-105.49191,151
Silver,40.37273,-105.49185,152
Silver,40.37178,-105.49166,153
Silver,40.37162,-105.49167,154
Silver,40.37137,-105.49174,155
Silver,40.37046,-105.49218,156
Silver,40.37032,-105.49228,157
Silver,40.37021,-105.49239,158
Silver,40.36962,-105.49329,159
Silver,40.36958,-105.49335,160
Silver,40.36939,-105.49364,161
Silver,40.36926,-105.49377,162
Silver,40.36912,-105.49386,163
Silver,40.36897,-105.49387,164
Silver,40.36883,-105.49378,165
Silver,40.36871,-105.49365,166
Silver,40.36846,-105.49331,167
Silver,40.36833,-105.49317,168
Silver,40.36827,-105.49311,169
Silver,40.36839,-105.49296,170
Silver,40.3686,-105.4927,171
Silver,40.36865,-105.49259,172
Silver,40.36874,-105.49207,173
Silver,40.36873,-105.49188,174
Silver,40.36868,-105.49175,175
Silver,40.3686,-105.49165,176
Silver,40.36847,-105.4916,177
Silver,40.36836,-105.49161,178
Silver,40.36825,-105.49167,179
Silver,40.36817,-105.49183,180
Silver,40.36815,-105.49194,181
Silver,40.36808,-105.49228,182
Silver,40.36804,-105.49236,183
Silver,40.3679,-105.49248,184
Silver,40.36769,-105.4926,185
Silver,40.36764,-105.4927,186
Silver,40.36762,-105.493,187
Silver,40.36763,-105.49323,188
Silver,40.36765,-105.49351,189
Silver,40.36764,-105.49417,190
Silver,40.36761,-105.49569,191
Silver,40.36761,-105.49761,192
Silver,40.36767,-105.49991,193
Silver,40.36765,-105.50006,194
Silver,40.3688,-105.50008,195
Silver,40.36936,-105.50008,196
Silver,40.36995,-105.50008,197
Silver,40.37044,-105.50009,198
Silver,40.37045,-105.50018,199
Silver,40.3705,-105.50035,200
Silver,40.37179,-105.50363,201
Silver,40.37195,-105.50409,202
Silver,40.37204,-105.50452,203
Silver,40.37207,-105.50504,204
Silver,40.37211,-105.50623,205
Silver,40.3721,-105.50636,206
Silver,40.372,-105.50664,207
Silver,40.37234,-105.50693,208
Silver,40.37313,-105.50764,209
Silver,40.37492,-105.50927,210
Silver,40.37522,-105.50956,211
Silver,40.37546,-105.50968,212
Silver,40.37553,-105.50971,213
Silver,40.37563,-105.50971,214
Silver,40.37589,-105.50965,215
Silver,40.37599,-105.51006,216
Silver,40.37609,-105.51033,217
Silver,40.37629,-105.51067,218
Silver,40.37692,-105.51159,219
Silver,40.37705,-105.51184,220
Silver,40.37728,-105.5124,221
Silver,40.37751,-105.51309,222
Silver,40.37768,-105.51378,223
Silver,40.3778,-105.51462,224
Silver,40.37783,-105.51544,225
Silver,40.37781,-105.51603,226
Silver,40.37789,-105.51627,227
Silver,40.37796,-105.51639,228
Silver,40.37804,-105.51646,229
Silver,40.37811,-105.51646,230
Silver,40.3782,-105.51645,231
Silver,40.37838,-105.51612,232
Silver,40.3786,-105.51571,233
Silver,40.37884,-105.51531,234
Silver,40.37866,-105.51516,235
Silver,40.37865,-105.51509,236
Silver,40.3787,-105.51494,237
Silver,40.37882,-105.51474,238
Silver,40.37891,-105.51461,239
Silver,40.37898,-105.51431,240
Silver,40.37902,-105.51409,241
Silver,40.37903,-105.514,242
Silver,40.379,-105.51389,243
Silver,40.37895,-105.51385,244
Silver,40.37881,-105.51374,245
