shape_id,shape_pt_lat,shape_pt_lon,shape_pt_sequence
NPS_ROMO_MP__OB,40.32934,-105.60093,1
NPS_ROMO_MP__OB,40.32929,-105.60119,2
NPS_ROMO_MP__OB,40.32923,-105.60132,3
NPS_ROMO_MP__OB,40.32916,-105.60138,4
NPS_ROMO_MP__OB,40.32909,-105.60138,5
NPS_ROMO_MP__OB,40.32902,-105.60133,6
NPS_ROMO_MP__OB,40.32899,-105.60123,7
NPS_ROMO_MP__OB,40.32901,-105.60109,8
NPS_ROMO_MP__OB,40.32912,-105.60096,9
NPS_ROMO_MP__OB,40.32922,-105.60089,10
NPS_ROMO_MP__OB,40.32927,-105.60083,11
NPS_ROMO_MP__OB,40.3293,-105.60072,12
NPS_ROMO_MP__OB,40.32931,-105.60059,13
NPS_ROMO_MP__OB,40.32934,-105.60048,14
NPS_ROMO_MP__OB,40.32942,-105.60034,15
NPS_ROMO_MP__OB,40.32957,-105.60013,16
NPS_ROMO_MP__OB,40.32961,-105.60004,17
NPS_ROMO_MP__OB,40.32961,-105.59996,18
NPS_ROMO_MP__OB,40.32958,-105.59986,19
NPS_ROMO_MP__OB,40.32952,-105.5998,20
NPS_ROMO_MP__OB,40.32912,-105.59951,21
NPS_ROMO_MP__OB,40.32888,-105.59935,22
NPS_ROMO_MP__OB,40.32869,-105.59929,23
NPS_ROMO_MP__OB,40.3285,-105.59929,24
NPS_ROMO_MP__OB,40.32837,-105.59935,25
NPS_ROMO_MP__OB,40.32824,-105.59946,26
NPS_ROMO_MP__OB,40.32804,-105.59971,27
NPS_ROMO_MP__OB,40.32782,-105.60005,28
NPS_ROMO_MP__OB,40.32757,-105.60059,29
NPS_ROMO_MP__OB,40.32741,-105.60077,30
NPS_ROMO_MP__OB,40.32727,-105.60084,31
NPS_ROMO_MP__OB,40.32683,-105.601,32
NPS_ROMO_MP__OB,40.32661,-105.60108,33
NPS_ROMO_MP__OB,40.3264,-105.6012,34
NPS_ROMO_MP__OB,40.32622,-105.60136,35
NPS_ROMO_MP__OB,40.32607,-105.60154,36
NPS_ROMO_MP__OB,40.32593,-105.60176,37
NPS_ROMO_MP__OB,40.32565,-105.60244,38
NPS_ROMO_MP__OB,40.32546,-105.603,39
NPS_ROMO_MP__OB,40.32542,-105.60318,40
NPS_ROMO_MP__OB,40.32542,-105.60357,41
NPS_ROMO_MP__OB,40.32542,-105.60378,42
NPS_ROMO_MP__OB,40.32539,-105.6039,43
NPS_ROMO_MP__OB,40.32535,-105.60401,44
NPS_ROMO_MP__OB,40.32522,-105.60422,45
NPS_ROMO_MP__OB,40.32518,-105.60426,46
NPS_ROMO_MP__OB,40.32506,-105.60447,47
NPS_ROMO_MP__OB,40.32502,-105.6046,48
NPS_ROMO_MP__OB,40.32501,-105.60483,49
NPS_ROMO_MP__OB,40.32508,-105.60635,50
NPS_ROMO_MP__OB,40.32502,-105.60666,51
NPS_ROMO_MP__OB,40.32495,-105.60683,52
NPS_ROMO_MP__OB,40.32486,-105.60699,53
NPS_ROMO_MP__OB,40.32477,-105.60708,54
NPS_ROMO_MP__OB,40.32456,-105.60726,55
NPS_ROMO_MP__OB,40.32421,-105.6075,56
NPS_ROMO_MP__OB,40.32412,-105.60759,57
NPS_ROMO_MP__OB,40.32395,-105.60746,58
NPS_ROMO_MP__OB,40.32348,-105.60708,59
NPS_ROMO_MP__OB,40.32341,-105.60702,60
NPS_ROMO_MP__OB,40.32334,-105.60693,61
NPS_ROMO_MP__OB,40.32321,-105.60649,62
NPS_ROMO_MP__OB,40.32318,-105.60636,63
NPS_ROMO_MP__OB,40.32313,-105.6063,64
NPS_ROMO_MP__OB,40.32341,-105.60593,65
NPS_ROMO_MP__OB,40.32347,-105.60582,66
NPS_ROMO_MP__OB,40.3236,-105.60559,67
NPS_ROMO_MP__OB,40.32368,-105.60537,68
NPS_ROMO_MP__OB,40.32369,-105.60523,69
NPS_ROMO_MP__OB,40.32362,-105.60512,70
NPS_ROMO_MP__OB,40.32348,-105.60505,71
NPS_ROMO_MP__OB,40.32332,-105.60505,72
NPS_ROMO_MP__OB,40.32322,-105.60511,73
NPS_ROMO_MP__OB,40.32308,-105.60513,74
NPS_ROMO_MP__OB,40.3229,-105.60511,75
NPS_ROMO_MP__OB,40.3228,-105.60507,76
NPS_ROMO_MP__OB,40.32271,-105.60494,77
NPS_ROMO_MP__OB,40.32271,-105.60481,78
NPS_ROMO_MP__OB,40.32276,-105.60469,79
NPS_ROMO_MP__OB,40.32285,-105.60463,80
NPS_ROMO_MP__OB,40.32297,-105.60461,81
NPS_ROMO_MP__OB,40.32309,-105.60467,82
NPS_ROMO_MP__OB,40.3232,-105.60478,83
NPS_ROMO_MP__OB,40.32334,-105.60494,84
NPS_ROMO_MP__OB,40.32349,-105.60502,85
NPS_ROMO_MP__OB,40.32362,-105.60509,86
NPS_ROMO_MP__OB,40.3237,-105.60522,87
NPS_ROMO_MP__OB,40.32368,-105.60537,88
NPS_ROMO_MP__OB,40.3236,-105.60559,89
NPS_ROMO_MP__OB,40.32341,-105.60593,90
NPS_ROMO_MP__OB,40.32313,-105.6063,91
NPS_ROMO_MP__OB,40.32318,-105.60636,92
NPS_ROMO_MP__OB,40.32321,-105.60649,93
NPS_ROMO_MP__OB,40.32325,-105.60667,94
NPS_ROMO_MP__OB,40.32331,-105.60685,95
NPS_ROMO_MP__OB,40.32336,-105.60698,96
NPS_ROMO_MP__OB,40.32395,-105.60746,97
NPS_ROMO_MP__OB,40.32412,-105.60759,98
NPS_ROMO_MP__OB,40.32421,-105.6075,99
NPS_ROMO_MP__OB,40.32456,-105.60726,100
NPS_ROMO_MP__OB,40.32477,-105.60708,101
NPS_ROMO_MP__OB,40.32486,-105.60699,102
NPS_ROMO_MP__OB,40.32495,-105.60683,103
NPS_ROMO_MP__OB,40.32506,-105.60653,104
NPS_ROMO_MP__OB,40.32506,-105.60613,105
NPS_ROMO_MP__OB,40.32501,-105.60483,106
NPS_ROMO_MP__OB,40.32502,-105.6046,107
NPS_ROMO_MP__OB,40.32506,-105.60447,108
NPS_ROMO_MP__OB,40.32511,-105.60437,109
NPS_ROMO_MP__OB,40.32535,-105.60401,110
NPS_ROMO_MP__OB,40.32542,-105.60378,111
NPS_ROMO_MP__OB,40.32542,-105.60318,112
NPS_ROMO_MP__OB,40.32546,-105.603,113
NPS_ROMO_MP__OB,40.32551,-105.60282,114
NPS_ROMO_MP__OB,40.32593,-105.60176,115
NPS_ROMO_MP__OB,40.32595,-105.60174,116
NPS_ROMO_MP__OB,40.32607,-105.60154,117
NPS_ROMO_MP__OB,40.32622,-105.60136,118
NPS_ROMO_MP__OB,40.3264,-105.6012,119
NPS_ROMO_MP__OB,40.32661,-105.60108,120
NPS_ROMO_MP__OB,40.32727,-105.60084,121
NPS_ROMO_MP__OB,40.32741,-105.60077,122
NPS_ROMO_MP__OB,40.32748,-105.6007,123
NPS_ROMO_MP__OB,40.32757,-105.60059,124
NPS_ROMO_MP__OB,40.32765,-105.60041,125
NPS_ROMO_MP__OB,40.32782,-105.60005,126
NPS_ROMO_MP__OB,40.32804,-105.59971,127
NPS_ROMO_MP__OB,40.32824,-105.59946,128
NPS_ROMO_MP__OB,40.32837,-105.59935,129
NPS_ROMO_MP__OB,40.3285,-105.59929,130
NPS_ROMO_MP__OB,40.32862,-105.59929,131
NPS_ROMO_MP__OB,40.32869,-105.59929,132
NPS_ROMO_MP__OB,40.32888,-105.59935,133
NPS_ROMO_MP__OB,40.32924,-105.59959,134
NPS_ROMO_MP__OB,40.32976,-105.59995,135
NPS_ROMO_MP__OB,40.32991,-105.59971,136
NPS_ROMO_MP__OB,40.33007,-105.59944,137
NPS_ROMO_MP__OB,40.3303,-105.59906,138
NPS_ROMO_MP__OB,40.33044,-105.59881,139
NPS_ROMO_MP__OB,40.33047,-105.59861,140
NPS_ROMO_MP__OB,40.33046,-105.59839,141
NPS_ROMO_MP__OB,40.33043,-105.59829,142
NPS_ROMO_MP__OB,40.33023,-105.59789,143
NPS_ROMO_MP__OB,40.33005,-105.59758,144
NPS_ROMO_MP__OB,40.32994,-105.59746,145
NPS_ROMO_MP__OB,40.32982,-105.59737,146
NPS_ROMO_MP__OB,40.32965,-105.59728,147
NPS_ROMO_MP__OB,40.32956,-105.59717,148
NPS_ROMO_MP__OB,40.32951,-105.59704,149
NPS_ROMO_MP__OB,40.32951,-105.59685,150
NPS_ROMO_MP__OB,40.32954,-105.59672,151
NPS_ROMO_MP__OB,40.32971,-105.59649,152
NPS_ROMO_MP__OB,40.32981,-105.59629,153
NPS_ROMO_MP__OB,40.32985,-105.59611,154
NPS_ROMO_MP__OB,40.32985,-105.59584,155
NPS_ROMO_MP__OB,40.32987,-105.59572,156
NPS_ROMO_MP__OB,40.32999,-105.59541,157
NPS_ROMO_MP__OB,40.32998,-105.59534,158
NPS_ROMO_MP__OB,40.32995,-105.59531,159
NPS_ROMO_MP__OB,40.32993,-105.59524,160
NPS_ROMO_MP__OB,40.32996,-105.59515,161
NPS_ROMO_MP__OB,40.33001,-105.59506,162
NPS_ROMO_MP__OB,40.33007,-105.59505,163
NPS_ROMO_MP__OB,40.33012,-105.59512,164
NPS_ROMO_MP__OB,40.33001,-105.59536,165
NPS_ROMO_MP__OB,40.32994,-105.5955,166
NPS_ROMO_MP__OB,40.32985,-105.5958,167
NPS_ROMO_MP__OB,40.32985,-105.59611,168
NPS_ROMO_MP__OB,40.32981,-105.59629,169
NPS_ROMO_MP__OB,40.32971,-105.59649,170
NPS_ROMO_MP__OB,40.32954,-105.59672,171
NPS_ROMO_MP__OB,40.32951,-105.59685,172
NPS_ROMO_MP__OB,40.32951,-105.59704,173
NPS_ROMO_MP__OB,40.32958,-105.59722,174
NPS_ROMO_MP__OB,40.32974,-105.59735,175
NPS_ROMO_MP__OB,40.32988,-105.5974,176
NPS_ROMO_MP__OB,40.33001,-105.59752,177
NPS_ROMO_MP__OB,40.33012,-105.5977,178
NPS_ROMO_MP__OB,40.33043,-105.59829,179
NPS_ROMO_MP__OB,40.33047,-105.59852,180
NPS_ROMO_MP__OB,40.33046,-105.59872,181
NPS_ROMO_MP__OB,40.33038,-105.59893,182
NPS_ROMO_MP__OB,40.32985,-105.59982,183
NPS_ROMO_MP__OB,40.32981,-105.59987,184
NPS_ROMO_MP__OB,40.32976,-105.59995,185
NPS_ROMO_MP__OB,40.32968,-105.60005,186
NPS_ROMO_MP__OB,40.32961,-105.60016,187
NPS_ROMO_MP__OB,40.32943,-105.60043,188
NPS_ROMO_MP__OB,40.32937,-105.60053,189
NPS_ROMO_MP__OB,40.32936,-105.60061,190
NPS_ROMO_MP__OB,40.32938,-105.60071,191
NPS_ROMO_MP__OB,40.32936,-105.60086,192
NPS_ROMO_MP__OB,40.3293,-105.60118,193
NPS_ROMO_MP__OB,40.32924,-105.60133,194
NPS_ROMO_MP__OB,40.32916,-105.60139,195
NPS_ROMO_MP__OB,40.32909,-105.60138,196
NPS_ROMO_MP__OB,40.32901,-105.60134,197
NPS_ROMO_MP__OB,40.32899,-105.60123,198
NPS_ROMO_MP__OB,40.32901,-105.60109,199
NPS_ROMO_MP__OB,40.32911,-105.60096,200
NPS_ROMO_MP__OB,40.32922,-105.60089,201
NPS_ROMO_MP__OB,40.32927,-105.60083,202
NPS_ROMO_MP__OB,40.32929,-105.60072,203
NPS_ROMO_MP__OB,40.3293,-105.6006,204
NPS_ROMO_MP__OB,40.32934,-105.60048,205
NPS_ROMO_MP__OB,40.32942,-105.60034,206
NPS_ROMO_MP__OB,40.32957,-105.60012,207
NPS_ROMO_MP__OB,40.32961,-105.60004,208
NPS_ROMO_MP__OB,40.32965,-105.59998,209
NPS_ROMO_MP__OB,40.32969,-105.59994,210
NPS_ROMO_MP__OB,40.32974,-105.59994,211
NPS_ROMO_MP__OB,40.33001,-105.60007,212
NPS_ROMO_MP__OB,40.33054,-105.60032,213
NPS_ROMO_MP__OB,40.33064,-105.60034,214
NPS_ROMO_MP__OB,40.33072,-105.60034,215
NPS_ROMO_MP__OB,40.33081,-105.60032,216
NPS_ROMO_MP__OB,40.3309,-105.60027,217
NPS_ROMO_MP__OB,40.33104,-105.60014,218
NPS_ROMO_MP__OB,40.3314,-105.59978,219
NPS_ROMO_MP__OB,40.33158,-105.59964,220
NPS_ROMO_MP__OB,40.33171,-105.59956,221
NPS_ROMO_MP__OB,40.33224,-105.59942,222
NPS_ROMO_MP__OB,40.33241,-105.59935,223
NPS_ROMO_MP__OB,40.33263,-105.59924,224
NPS_ROMO_MP__OB,40.33332,-105.59881,225
NPS_ROMO_MP__OB,40.33359,-105.5987,226
NPS_ROMO_MP__OB,40.33368,-105.59868,227
NPS_ROMO_MP__OB,40.33386,-105.59868,228
NPS_ROMO_MP__OB,40.33415,-105.59874,229
NPS_ROMO_MP__OB,40.3343,-105.59881,230
NPS_ROMO_MP__OB,40.33444,-105.59892,231
NPS_ROMO_MP__OB,40.33465,-105.59913,232
NPS_ROMO_MP__OB,40.33478,-105.59931,233
NPS_ROMO_MP__OB,40.33487,-105.59947,234
NPS_ROMO_MP__OB,40.33531,-105.60057,235
NPS_ROMO_MP__OB,40.33554,-105.60106,236
NPS_ROMO_MP__OB,40.3357,-105.60126,237
NPS_ROMO_MP__OB,40.33582,-105.60133,238
NPS_ROMO_MP__OB,40.33596,-105.60136,239
NPS_ROMO_MP__OB,40.33609,-105.60138,240
NPS_ROMO_MP__OB,40.33621,-105.60138,241
NPS_ROMO_MP__OB,40.3369,-105.60108,242
NPS_ROMO_MP__OB,40.33742,-105.60079,243
NPS_ROMO_MP__OB,40.33766,-105.60072,244
NPS_ROMO_MP__OB,40.33799,-105.60068,245
NPS_ROMO_MP__OB,40.3382,-105.6007,246
NPS_ROMO_MP__OB,40.33838,-105.60073,247
NPS_ROMO_MP__OB,40.33885,-105.60088,248
NPS_ROMO_MP__OB,40.3391,-105.60093,249
NPS_ROMO_MP__OB,40.33928,-105.6009,250
NPS_ROMO_MP__OB,40.33948,-105.60077,251
NPS_ROMO_MP__OB,40.33959,-105.60066,252
NPS_ROMO_MP__OB,40.33968,-105.6005,253
NPS_ROMO_MP__OB,40.33974,-105.60025,254
NPS_ROMO_MP__OB,40.33977,-105.60005,255
NPS_ROMO_MP__OB,40.33986,-105.59897,256
NPS_ROMO_MP__OB,40.33994,-105.59805,257
NPS_ROMO_MP__OB,40.34,-105.5977,258
NPS_ROMO_MP__OB,40.34017,-105.59695,259
NPS_ROMO_MP__OB,40.34062,-105.59548,260
NPS_ROMO_MP__OB,40.34071,-105.5953,261
NPS_ROMO_MP__OB,40.34086,-105.59514,262
NPS_ROMO_MP__OB,40.34099,-105.59508,263
NPS_ROMO_MP__OB,40.34109,-105.59505,264
NPS_ROMO_MP__OB,40.34132,-105.59507,265
NPS_ROMO_MP__OB,40.34152,-105.59518,266
NPS_ROMO_MP__OB,40.34169,-105.59535,267
NPS_ROMO_MP__OB,40.34182,-105.59559,268
NPS_ROMO_MP__OB,40.34188,-105.59582,269
NPS_ROMO_MP__OB,40.3419,-105.596,270
NPS_ROMO_MP__OB,40.34189,-105.59618,271
NPS_ROMO_MP__OB,40.34179,-105.59665,272
NPS_ROMO_MP__OB,40.34162,-105.59739,273
NPS_ROMO_MP__OB,40.34163,-105.59771,274
NPS_ROMO_MP__OB,40.34171,-105.59827,275
NPS_ROMO_MP__OB,40.34164,-105.59947,276
NPS_ROMO_MP__OB,40.3416,-105.60001,277
NPS_ROMO_MP__OB,40.34156,-105.6003,278
NPS_ROMO_MP__OB,40.34134,-105.601,279
NPS_ROMO_MP__OB,40.34127,-105.6012,280
NPS_ROMO_MP__OB,40.34127,-105.6014,281
NPS_ROMO_MP__OB,40.34135,-105.60165,282
NPS_ROMO_MP__OB,40.34143,-105.60178,283
NPS_ROMO_MP__OB,40.34155,-105.60188,284
NPS_ROMO_MP__OB,40.34163,-105.60194,285
NPS_ROMO_MP__OB,40.34173,-105.60197,286
NPS_ROMO_MP__OB,40.34184,-105.60197,287
NPS_ROMO_MP__OB,40.34194,-105.60194,288
NPS_ROMO_MP__OB,40.34205,-105.60188,289
NPS_ROMO_MP__OB,40.34212,-105.60181,290
NPS_ROMO_MP__OB,40.34216,-105.60194,291
NPS_ROMO_MP__OB,40.34221,-105.60223,292
NPS_ROMO_MP__OB,40.34232,-105.60278,293
NPS_ROMO_MP__OB,40.34232,-105.60298,294
NPS_ROMO_MP__OB,40.34232,-105.60338,295
NPS_ROMO_MP__OB,40.34228,-105.60386,296
NPS_ROMO_MP__OB,40.34214,-105.60433,297
NPS_ROMO_MP__OB,40.3421,-105.60468,298
NPS_ROMO_MP__OB,40.34203,-105.60482,299
NPS_ROMO_MP__OB,40.34201,-105.60489,300
NPS_ROMO_MP__OB,40.34195,-105.60499,301
NPS_ROMO_MP__OB,40.34188,-105.60516,302
NPS_ROMO_MP__OB,40.34183,-105.60534,303
NPS_ROMO_MP__OB,40.34176,-105.60546,304
NPS_ROMO_MP__OB,40.34169,-105.60548,305
NPS_ROMO_MP__OB,40.34159,-105.60543,306
NPS_ROMO_MP__OB,40.34153,-105.60532,307
NPS_ROMO_MP__OB,40.34154,-105.60519,308
NPS_ROMO_MP__OB,40.34161,-105.60511,309
NPS_ROMO_MP__OB,40.34172,-105.60507,310
NPS_ROMO_MP__OB,40.3419,-105.60497,311
NPS_ROMO_MP__OB,40.34199,-105.60489,312
NPS_ROMO_MP__OB,40.34207,-105.60476,313
NPS_ROMO_MP__OB,40.34211,-105.60459,314
NPS_ROMO_MP__OB,40.34217,-105.6042,315
NPS_ROMO_MP__OB,40.34223,-105.60397,316
NPS_ROMO_MP__OB,40.34229,-105.60377,317
NPS_ROMO_MP__OB,40.34232,-105.60341,318
NPS_ROMO_MP__OB,40.34232,-105.60295,319
NPS_ROMO_MP__OB,40.34231,-105.60264,320
NPS_ROMO_MP__OB,40.34223,-105.60232,321
NPS_ROMO_MP__OB,40.34212,-105.60181,322
NPS_ROMO_MP__OB,40.34223,-105.60163,323
NPS_ROMO_MP__OB,40.34252,-105.60102,324
NPS_ROMO_MP__OB,40.34275,-105.60059,325
NPS_ROMO_MP__OB,40.34284,-105.6003,326
NPS_ROMO_MP__OB,40.3429,-105.59987,327
NPS_ROMO_MP__OB,40.34287,-105.59924,328
NPS_ROMO_MP__OB,40.34284,-105.59868,329
NPS_ROMO_MP__OB,40.34286,-105.5983,330
NPS_ROMO_MP__OB,40.34295,-105.59775,331
NPS_ROMO_MP__OB,40.34304,-105.59742,332
NPS_ROMO_MP__OB,40.34324,-105.59672,333
NPS_ROMO_MP__OB,40.34335,-105.59638,334
NPS_ROMO_MP__OB,40.34349,-105.59604,335
NPS_ROMO_MP__OB,40.34402,-105.59496,336
NPS_ROMO_MP__OB,40.34444,-105.59429,337
NPS_ROMO_MP__OB,40.34458,-105.59402,338
NPS_ROMO_MP__OB,40.3447,-105.59373,339
NPS_ROMO_MP__OB,40.34481,-105.59334,340
NPS_ROMO_MP__OB,40.34501,-105.59276,341
NPS_ROMO_MP__OB,40.34532,-105.59198,342
NPS_ROMO_MP__OB,40.3455,-105.59126,343
NPS_ROMO_MP__OB,40.34558,-105.59087,344
NPS_ROMO_MP__OB,40.34563,-105.59048,345
NPS_ROMO_MP__OB,40.34561,-105.58992,346
NPS_ROMO_MP__OB,40.34556,-105.58916,347
NPS_ROMO_MP__OB,40.34555,-105.58841,348
NPS_ROMO_MP__OB,40.34563,-105.58737,349
NPS_ROMO_MP__OB,40.34568,-105.58668,350
NPS_ROMO_MP__OB,40.34573,-105.58638,351
NPS_ROMO_MP__OB,40.34587,-105.58589,352
NPS_ROMO_MP__OB,40.34604,-105.58517,353
NPS_ROMO_MP__OB,40.34619,-105.58366,354
NPS_ROMO_MP__OB,40.3462,-105.58352,355
NPS_ROMO_MP__OB,40.34617,-105.58337,356
NPS_ROMO_MP__OB,40.34614,-105.58316,357
NPS_ROMO_MP__OB,40.34613,-105.58298,358
NPS_ROMO_MP__OB,40.34617,-105.58287,359
NPS_ROMO_MP__OB,40.34626,-105.58277,360
NPS_ROMO_MP__OB,40.34634,-105.58209,361
NPS_ROMO_MP__OB,40.34652,-105.58017,362
NPS_ROMO_MP__OB,40.34658,-105.57979,363
NPS_ROMO_MP__OB,40.34666,-105.57942,364
NPS_ROMO_MP__OB,40.34675,-105.57914,365
NPS_ROMO_MP__OB,40.34691,-105.57875,366
NPS_ROMO_MP__OB,40.34709,-105.57843,367
NPS_ROMO_MP__OB,40.3474,-105.57801,368
NPS_ROMO_MP__OB,40.34764,-105.57776,369
NPS_ROMO_MP__OB,40.34784,-105.5776,370
NPS_ROMO_MP__OB,40.34814,-105.5774,371
NPS_ROMO_MP__OB,40.34838,-105.57729,372
NPS_ROMO_MP__OB,40.34867,-105.5772,373
NPS_ROMO_MP__OB,40.34894,-105.57717,374
NPS_ROMO_MP__OB,40.34922,-105.57717,375
NPS_ROMO_MP__OB,40.34946,-105.5772,376
NPS_ROMO_MP__OB,40.34988,-105.57731,377
NPS_ROMO_MP__OB,40.35007,-105.5774,378
NPS_ROMO_MP__OB,40.35038,-105.5776,379
NPS_ROMO_MP__OB,40.35058,-105.57776,380
NPS_ROMO_MP__OB,40.35093,-105.5781,381
NPS_ROMO_MP__OB,40.3512,-105.57848,382
NPS_ROMO_MP__OB,40.35136,-105.57882,383
NPS_ROMO_MP__OB,40.35149,-105.57913,384
NPS_ROMO_MP__OB,40.35174,-105.57988,385
NPS_ROMO_MP__OB,40.35188,-105.58033,386
NPS_ROMO_MP__OB,40.35213,-105.58082,387
NPS_ROMO_MP__OB,40.35244,-105.5813,388
NPS_ROMO_MP__OB,40.35272,-105.58161,389
NPS_ROMO_MP__OB,40.353,-105.58184,390
NPS_ROMO_MP__OB,40.35414,-105.58256,391
NPS_ROMO_MP__OB,40.35725,-105.58447,392
NPS_ROMO_MP__OB,40.35803,-105.58499,393
NPS_ROMO_MP__OB,40.35826,-105.58519,394
NPS_ROMO_MP__OB,40.35848,-105.58546,395
NPS_ROMO_MP__OB,40.35866,-105.58573,396
NPS_ROMO_MP__OB,40.35875,-105.58591,397
NPS_ROMO_MP__OB,40.3588,-105.58595,398
NPS_ROMO_MP__OB,40.35889,-105.5859,399
NPS_ROMO_MP__OB,40.35904,-105.58575,400
NPS_ROMO_MP__OB,40.35909,-105.58566,401
NPS_ROMO_MP__OB,40.35911,-105.58555,402
NPS_ROMO_MP__OB,40.35908,-105.58545,403
NPS_ROMO_MP__OB,40.35902,-105.58537,404
NPS_ROMO_MP__OB,40.3589,-105.5853,405
NPS_ROMO_MP__OB,40.35879,-105.58522,406
NPS_ROMO_MP__OB,40.35869,-105.58506,407
NPS_ROMO_MP__OB,40.35863,-105.5849,408
NPS_ROMO_MP__OB,40.35856,-105.5848,409
NPS_ROMO_MP__OB,40.35846,-105.58465,410
NPS_ROMO_MP__OB,40.35836,-105.58446,411
NPS_ROMO_MP__OB,40.35828,-105.58418,412
NPS_ROMO_MP__OB,40.35827,-105.58406,413
NPS_ROMO_MP__OB,40.35831,-105.58399,414
NPS_ROMO_MP__OB,40.35839,-105.58394,415
NPS_ROMO_MP__OB,40.35848,-105.58403,416
NPS_ROMO_MP__OB,40.35856,-105.58426,417
NPS_ROMO_MP__OB,40.35863,-105.58454,418
NPS_ROMO_MP__OB,40.35866,-105.58475,419
NPS_ROMO_MP__OB,40.35865,-105.58489,420
NPS_ROMO_MP__OB,40.35871,-105.58504,421
NPS_ROMO_MP__OB,40.3588,-105.58519,422
NPS_ROMO_MP__OB,40.35902,-105.58534,423
NPS_ROMO_MP__OB,40.35912,-105.58545,424
NPS_ROMO_MP__OB,40.35913,-105.58553,425
NPS_ROMO_MP__OB,40.35912,-105.58566,426
NPS_ROMO_MP__OB,40.35907,-105.58576,427
NPS_ROMO_MP__OB,40.35896,-105.58586,428
NPS_ROMO_MP__OB,40.3589,-105.58593,429
NPS_ROMO_MP__OB,40.35884,-105.58601,430
NPS_ROMO_MP__OB,40.35878,-105.58604,431
NPS_ROMO_MP__OB,40.35828,-105.58649,432
NPS_ROMO_MP__OB,40.35814,-105.58668,433
NPS_ROMO_MP__OB,40.35801,-105.58697,434
NPS_ROMO_MP__OB,40.35794,-105.5873,435
NPS_ROMO_MP__OB,40.3579,-105.58774,436
NPS_ROMO_MP__OB,40.3579,-105.58859,437
NPS_ROMO_MP__OB,40.35794,-105.58931,438
NPS_ROMO_MP__OB,40.35802,-105.59015,439
NPS_ROMO_MP__OB,40.35825,-105.59163,440
NPS_ROMO_MP__OB,40.35828,-105.59207,441
NPS_ROMO_MP__OB,40.35834,-105.59237,442
NPS_ROMO_MP__OB,40.35842,-105.59262,443
NPS_ROMO_MP__OB,40.35853,-105.59284,444
NPS_ROMO_MP__OB,40.35893,-105.59332,445
NPS_ROMO_MP__OB,40.35908,-105.59356,446
NPS_ROMO_MP__OB,40.35926,-105.59395,447
NPS_ROMO_MP__OB,40.35936,-105.59422,448
NPS_ROMO_MP__OB,40.35945,-105.5946,449
NPS_ROMO_MP__OB,40.3596,-105.59514,450
NPS_ROMO_MP__OB,40.35967,-105.5955,451
NPS_ROMO_MP__OB,40.35972,-105.59578,452
NPS_ROMO_MP__OB,40.35976,-105.5964,453
NPS_ROMO_MP__OB,40.35978,-105.59658,454
NPS_ROMO_MP__OB,40.35984,-105.59663,455
NPS_ROMO_MP__OB,40.35994,-105.59669,456
NPS_ROMO_MP__OB,40.35998,-105.59673,457
NPS_ROMO_MP__OB,40.35999,-105.59681,458
NPS_ROMO_MP__OB,40.35998,-105.5969,459
NPS_ROMO_MP__OB,40.35995,-105.59694,460
NPS_ROMO_MP__OB,40.35989,-105.59697,461
NPS_ROMO_MP__OB,40.35985,-105.59695,462
NPS_ROMO_MP__OB,40.35976,-105.59647,463
NPS_ROMO_MP__OB,40.35972,-105.59578,464
NPS_ROMO_MP__OB,40.35969,-105.59559,465
NPS_ROMO_MP__OB,40.35964,-105.59532,466
NPS_ROMO_MP__OB,40.3596,-105.59514,467
NPS_ROMO_MP__OB,40.35952,-105.59517,468
NPS_ROMO_MP__OB,40.35938,-105.59527,469
NPS_ROMO_MP__OB,40.35931,-105.59539,470
NPS_ROMO_MP__OB,40.35922,-105.59575,471
NPS_ROMO_MP__OB,40.35906,-105.59609,472
NPS_ROMO_MP__OB,40.35855,-105.5968,473
NPS_ROMO_MP__OB,40.3584,-105.59699,474
NPS_ROMO_MP__OB,40.35824,-105.59712,475
NPS_ROMO_MP__OB,40.35806,-105.59719,476
NPS_ROMO_MP__OB,40.35786,-105.59719,477
NPS_ROMO_MP__OB,40.35732,-105.59708,478
NPS_ROMO_MP__OB,40.35714,-105.59707,479
NPS_ROMO_MP__OB,40.35696,-105.5971,480
NPS_ROMO_MP__OB,40.3568,-105.59722,481
NPS_ROMO_MP__OB,40.35664,-105.5974,482
NPS_ROMO_MP__OB,40.35653,-105.59761,483
NPS_ROMO_MP__OB,40.35648,-105.59787,484
NPS_ROMO_MP__OB,40.35649,-105.59818,485
NPS_ROMO_MP__OB,40.35674,-105.60018,486
NPS_ROMO_MP__OB,40.35693,-105.60169,487
NPS_ROMO_MP__OB,40.35696,-105.60212,488
NPS_ROMO_MP__OB,40.35694,-105.60242,489
NPS_ROMO_MP__OB,40.35693,-105.60259,490
NPS_ROMO_MP__OB,40.35669,-105.60408,491
NPS_ROMO_MP__OB,40.35667,-105.6044,492
NPS_ROMO_MP__OB,40.35667,-105.60519,493
NPS_ROMO_MP__OB,40.35671,-105.6055,494
NPS_ROMO_MP__OB,40.35687,-105.60612,495
NPS_ROMO_MP__OB,40.35694,-105.60645,496
NPS_ROMO_MP__OB,40.35696,-105.60687,497
NPS_ROMO_MP__OB,40.35703,-105.6089,498
NPS_ROMO_MP__OB,40.35709,-105.61014,499
NPS_ROMO_MP__OB,40.35714,-105.61095,500
NPS_ROMO_MP__OB,40.35717,-105.61124,501
NPS_ROMO_MP__OB,40.35714,-105.61142,502
NPS_ROMO_MP__OB,40.35694,-105.61193,503
NPS_ROMO_MP__OB,40.35678,-105.61226,504
NPS_ROMO_MP__OB,40.35675,-105.61243,505
NPS_ROMO_MP__OB,40.35671,-105.61331,506
NPS_ROMO_MP__OB,40.35667,-105.61419,507
NPS_ROMO_MP__OB,40.35664,-105.61439,508
NPS_ROMO_MP__OB,40.35663,-105.61464,509
NPS_ROMO_MP__OB,40.35663,-105.61487,510
NPS_ROMO_MP__OB,40.35661,-105.61505,511
NPS_ROMO_MP__OB,40.35658,-105.61511,512
NPS_ROMO_MP__OB,40.35638,-105.61541,513
NPS_ROMO_MP__OB,40.35625,-105.61561,514
NPS_ROMO_MP__OB,40.35622,-105.61574,515
NPS_ROMO_MP__OB,40.35622,-105.61601,516
NPS_ROMO_MP__OB,40.35625,-105.61619,517
NPS_ROMO_MP__OB,40.35629,-105.61639,518
NPS_ROMO_MP__OB,40.35629,-105.61658,519
NPS_ROMO_MP__OB,40.35631,-105.61671,520
NPS_ROMO_MP__OB,40.35637,-105.61685,521
NPS_ROMO_MP__OB,40.35643,-105.61719,522
NPS_ROMO_MP__OB,40.35651,-105.61743,523
NPS_ROMO_MP__OB,40.35658,-105.61766,524
NPS_ROMO_MP__OB,40.3566,-105.61788,525
NPS_ROMO_MP__OB,40.35655,-105.61838,526
NPS_ROMO_MP__OB,40.35656,-105.61856,527
NPS_ROMO_MP__OB,40.35671,-105.61905,528
NPS_ROMO_MP__OB,40.35678,-105.61923,529
NPS_ROMO_MP__OB,40.3569,-105.61935,530
NPS_ROMO_MP__OB,40.35699,-105.61941,531
NPS_ROMO_MP__OB,40.35707,-105.61928,532
NPS_ROMO_MP__OB,40.35714,-105.61921,533
NPS_ROMO_MP__OB,40.35717,-105.61921,534
NPS_ROMO_MP__OB,40.35725,-105.61923,535
NPS_ROMO_MP__OB,40.35734,-105.6193,536
NPS_ROMO_MP__OB,40.35739,-105.61941,537
NPS_ROMO_MP__OB,40.3574,-105.61953,538
NPS_ROMO_MP__OB,40.35736,-105.61966,539
NPS_ROMO_MP__OB,40.35703,-105.61945,540
NPS_ROMO_MP__IB,40.357,-105.61937,1
NPS_ROMO_MP__IB,40.35707,-105.61928,2
NPS_ROMO_MP__IB,40.35715,-105.61922,3
NPS_ROMO_MP__IB,40.35725,-105.61923,4
NPS_ROMO_MP__IB,40.35734,-105.61931,5
NPS_ROMO_MP__IB,40.35737,-105.61935,6
NPS_ROMO_MP__IB,40.35739,-105.61941,7
NPS_ROMO_MP__IB,40.3574,-105.61953,8
NPS_ROMO_MP__IB,40.35738,-105.61962,9
NPS_ROMO_MP__IB,40.35735,-105.61968,10
NPS_ROMO_MP__IB,40.3573,-105.61964,11
NPS_ROMO_MP__IB,40.35686,-105.61932,12
NPS_ROMO_MP__IB,40.35679,-105.61923,13
NPS_ROMO_MP__IB,40.35671,-105.61905,14
NPS_ROMO_MP__IB,40.35656,-105.61856,15
NPS_ROMO_MP__IB,40.35655,-105.61838,16
NPS_ROMO_MP__IB,40.3566,-105.61788,17
NPS_ROMO_MP__IB,40.35659,-105.61766,18
NPS_ROMO_MP__IB,40.35643,-105.61719,19
NPS_ROMO_MP__IB,40.35637,-105.61685,20
NPS_ROMO_MP__IB,40.35632,-105.61671,21
NPS_ROMO_MP__IB,40.35629,-105.61639,22
NPS_ROMO_MP__IB,40.35622,-105.61602,23
NPS_ROMO_MP__IB,40.35623,-105.61571,24
NPS_ROMO_MP__IB,40.35625,-105.61561,25
NPS_ROMO_MP__IB,40.3563,-105.61553,26
NPS_ROMO_MP__IB,40.3565,-105.61524,27
NPS_ROMO_MP__IB,40.35661,-105.61505,28
NPS_ROMO_MP__IB,40.35663,-105.61488,29
NPS_ROMO_MP__IB,40.35664,-105.61439,30
NPS_ROMO_MP__IB,40.35668,-105.61419,31
NPS_ROMO_MP__IB,40.35669,-105.61391,32
NPS_ROMO_MP__IB,40.35673,-105.61284,33
NPS_ROMO_MP__IB,40.35675,-105.61244,34
NPS_ROMO_MP__IB,40.35679,-105.61227,35
NPS_ROMO_MP__IB,40.35705,-105.61167,36
NPS_ROMO_MP__IB,40.35714,-105.61142,37
NPS_ROMO_MP__IB,40.35717,-105.61125,38
NPS_ROMO_MP__IB,40.35714,-105.61086,39
NPS_ROMO_MP__IB,40.35706,-105.60964,40
NPS_ROMO_MP__IB,40.35702,-105.60837,41
NPS_ROMO_MP__IB,40.35696,-105.60662,42
NPS_ROMO_MP__IB,40.35691,-105.60628,43
NPS_ROMO_MP__IB,40.35675,-105.60566,44
NPS_ROMO_MP__IB,40.35669,-105.60535,45
NPS_ROMO_MP__IB,40.35668,-105.60503,46
NPS_ROMO_MP__IB,40.35668,-105.60424,47
NPS_ROMO_MP__IB,40.35674,-105.60379,48
NPS_ROMO_MP__IB,40.35692,-105.60271,49
NPS_ROMO_MP__IB,40.35697,-105.60226,50
NPS_ROMO_MP__IB,40.35696,-105.60199,51
NPS_ROMO_MP__IB,40.35687,-105.6012,52
NPS_ROMO_MP__IB,40.35671,-105.60001,53
NPS_ROMO_MP__IB,40.35651,-105.59841,54
NPS_ROMO_MP__IB,40.35648,-105.598,55
NPS_ROMO_MP__IB,40.3565,-105.59773,56
NPS_ROMO_MP__IB,40.35658,-105.59749,57
NPS_ROMO_MP__IB,40.35672,-105.59731,58
NPS_ROMO_MP__IB,40.35688,-105.59716,59
NPS_ROMO_MP__IB,40.35705,-105.59708,60
NPS_ROMO_MP__IB,40.35723,-105.59707,61
NPS_ROMO_MP__IB,40.35775,-105.59717,62
NPS_ROMO_MP__IB,40.35796,-105.5972,63
NPS_ROMO_MP__IB,40.35815,-105.59717,64
NPS_ROMO_MP__IB,40.35831,-105.59707,65
NPS_ROMO_MP__IB,40.35848,-105.5969,66
NPS_ROMO_MP__IB,40.35866,-105.59666,67
NPS_ROMO_MP__IB,40.359,-105.5962,68
NPS_ROMO_MP__IB,40.35912,-105.59599,69
NPS_ROMO_MP__IB,40.3592,-105.59577,70
NPS_ROMO_MP__IB,40.35932,-105.5954,71
NPS_ROMO_MP__IB,40.35939,-105.59527,72
NPS_ROMO_MP__IB,40.35952,-105.59517,73
NPS_ROMO_MP__IB,40.3596,-105.59514,74
NPS_ROMO_MP__IB,40.35964,-105.59532,75
NPS_ROMO_MP__IB,40.3597,-105.59566,76
NPS_ROMO_MP__IB,40.35976,-105.59631,77
NPS_ROMO_MP__IB,40.35979,-105.59656,78
NPS_ROMO_MP__IB,40.35983,-105.59662,79
NPS_ROMO_MP__IB,40.3599,-105.59666,80
NPS_ROMO_MP__IB,40.35996,-105.5967,81
NPS_ROMO_MP__IB,40.35998,-105.59675,82
NPS_ROMO_MP__IB,40.35999,-105.59682,83
NPS_ROMO_MP__IB,40.35998,-105.59691,84
NPS_ROMO_MP__IB,40.35993,-105.59695,85
NPS_ROMO_MP__IB,40.35986,-105.59698,86
NPS_ROMO_MP__IB,40.35976,-105.59631,87
NPS_ROMO_MP__IB,40.3597,-105.59566,88
NPS_ROMO_MP__IB,40.35964,-105.59532,89
NPS_ROMO_MP__IB,40.35941,-105.59442,90
NPS_ROMO_MP__IB,40.35931,-105.59406,91
NPS_ROMO_MP__IB,40.35921,-105.59382,92
NPS_ROMO_MP__IB,40.35914,-105.59369,93
NPS_ROMO_MP__IB,40.35901,-105.59343,94
NPS_ROMO_MP__IB,40.35885,-105.59323,95
NPS_ROMO_MP__IB,40.35861,-105.59294,96
NPS_ROMO_MP__IB,40.35848,-105.59271,97
NPS_ROMO_MP__IB,40.35838,-105.5925,98
NPS_ROMO_MP__IB,40.35831,-105.59223,99
NPS_ROMO_MP__IB,40.35821,-105.59135,100
NPS_ROMO_MP__IB,40.358,-105.59001,101
NPS_ROMO_MP__IB,40.35792,-105.58905,102
NPS_ROMO_MP__IB,40.35791,-105.58818,103
NPS_ROMO_MP__IB,40.35792,-105.58749,104
NPS_ROMO_MP__IB,40.35797,-105.58712,105
NPS_ROMO_MP__IB,40.35807,-105.58683,106
NPS_ROMO_MP__IB,40.35822,-105.58657,107
NPS_ROMO_MP__IB,40.35837,-105.5864,108
NPS_ROMO_MP__IB,40.35872,-105.58609,109
NPS_ROMO_MP__IB,40.35881,-105.586,110
NPS_ROMO_MP__IB,40.35886,-105.58593,111
NPS_ROMO_MP__IB,40.35894,-105.58586,112
NPS_ROMO_MP__IB,40.35905,-105.58573,113
NPS_ROMO_MP__IB,40.35909,-105.58565,114
NPS_ROMO_MP__IB,40.3591,-105.58553,115
NPS_ROMO_MP__IB,40.35906,-105.58541,116
NPS_ROMO_MP__IB,40.35896,-105.58532,117
NPS_ROMO_MP__IB,40.35885,-105.58526,118
NPS_ROMO_MP__IB,40.35874,-105.58514,119
NPS_ROMO_MP__IB,40.35866,-105.58495,120
NPS_ROMO_MP__IB,40.35856,-105.58483,121
NPS_ROMO_MP__IB,40.35844,-105.58463,122
NPS_ROMO_MP__IB,40.35832,-105.58437,123
NPS_ROMO_MP__IB,40.35828,-105.58414,124
NPS_ROMO_MP__IB,40.35829,-105.584,125
NPS_ROMO_MP__IB,40.35834,-105.58395,126
NPS_ROMO_MP__IB,40.35843,-105.58396,127
NPS_ROMO_MP__IB,40.35849,-105.58406,128
NPS_ROMO_MP__IB,40.35855,-105.58424,129
NPS_ROMO_MP__IB,40.35863,-105.58453,130
NPS_ROMO_MP__IB,40.35866,-105.58472,131
NPS_ROMO_MP__IB,40.35867,-105.58493,132
NPS_ROMO_MP__IB,40.35874,-105.58513,133
NPS_ROMO_MP__IB,40.35886,-105.58524,134
NPS_ROMO_MP__IB,40.35895,-105.58529,135
NPS_ROMO_MP__IB,40.35905,-105.58535,136
NPS_ROMO_MP__IB,40.35912,-105.58543,137
NPS_ROMO_MP__IB,40.35915,-105.58551,138
NPS_ROMO_MP__IB,40.35915,-105.58561,139
NPS_ROMO_MP__IB,40.35911,-105.58573,140
NPS_ROMO_MP__IB,40.35904,-105.58583,141
NPS_ROMO_MP__IB,40.35895,-105.5859,142
NPS_ROMO_MP__IB,40.35888,-105.58597,143
NPS_ROMO_MP__IB,40.35884,-105.58599,144
NPS_ROMO_MP__IB,40.35877,-105.58595,145
NPS_ROMO_MP__IB,40.35848,-105.58546,146
NPS_ROMO_MP__IB,40.35826,-105.58519,147
NPS_ROMO_MP__IB,40.35803,-105.585,148
NPS_ROMO_MP__IB,40.35725,-105.58447,149
NPS_ROMO_MP__IB,40.35484,-105.58299,150
NPS_ROMO_MP__IB,40.35329,-105.58203,151
NPS_ROMO_MP__IB,40.35281,-105.58168,152
NPS_ROMO_MP__IB,40.35262,-105.5815,153
NPS_ROMO_MP__IB,40.35226,-105.58105,154
NPS_ROMO_MP__IB,40.35202,-105.58063,155
NPS_ROMO_MP__IB,40.35181,-105.5801,156
NPS_ROMO_MP__IB,40.35143,-105.57897,157
NPS_ROMO_MP__IB,40.35128,-105.57864,158
NPS_ROMO_MP__IB,40.35105,-105.57826,159
NPS_ROMO_MP__IB,40.35075,-105.57792,160
NPS_ROMO_MP__IB,40.35051,-105.5777,161
NPS_ROMO_MP__IB,40.35025,-105.57752,162
NPS_ROMO_MP__IB,40.34999,-105.57736,163
NPS_ROMO_MP__IB,40.34989,-105.57733,164
NPS_ROMO_MP__IB,40.34959,-105.57722,165
NPS_ROMO_MP__IB,40.34936,-105.57718,166
NPS_ROMO_MP__IB,40.34905,-105.57716,167
NPS_ROMO_MP__IB,40.34878,-105.57718,168
NPS_ROMO_MP__IB,40.34855,-105.57724,169
NPS_ROMO_MP__IB,40.34828,-105.57734,170
NPS_ROMO_MP__IB,40.34794,-105.57753,171
NPS_ROMO_MP__IB,40.34776,-105.57767,172
NPS_ROMO_MP__IB,40.34752,-105.57789,173
NPS_ROMO_MP__IB,40.34719,-105.57828,174
NPS_ROMO_MP__IB,40.347,-105.57857,175
NPS_ROMO_MP__IB,40.34683,-105.57893,176
NPS_ROMO_MP__IB,40.34671,-105.57927,177
NPS_ROMO_MP__IB,40.34662,-105.5796,178
NPS_ROMO_MP__IB,40.34655,-105.57999,179
NPS_ROMO_MP__IB,40.34639,-105.58159,180
NPS_ROMO_MP__IB,40.34629,-105.58258,181
NPS_ROMO_MP__IB,40.34628,-105.58273,182
NPS_ROMO_MP__IB,40.34622,-105.58286,183
NPS_ROMO_MP__IB,40.34617,-105.58291,184
NPS_ROMO_MP__IB,40.34615,-105.58298,185
NPS_ROMO_MP__IB,40.34614,-105.58309,186
NPS_ROMO_MP__IB,40.34615,-105.58319,187
NPS_ROMO_MP__IB,40.34619,-105.58327,188
NPS_ROMO_MP__IB,40.34621,-105.58336,189
NPS_ROMO_MP__IB,40.34609,-105.58474,190
NPS_ROMO_MP__IB,40.34602,-105.58532,191
NPS_ROMO_MP__IB,40.34587,-105.58589,192
NPS_ROMO_MP__IB,40.34573,-105.58638,193
NPS_ROMO_MP__IB,40.34569,-105.58668,194
NPS_ROMO_MP__IB,40.34563,-105.58737,195
NPS_ROMO_MP__IB,40.34555,-105.58842,196
NPS_ROMO_MP__IB,40.34556,-105.58917,197
NPS_ROMO_MP__IB,40.34561,-105.58992,198
NPS_ROMO_MP__IB,40.34563,-105.59048,199
NPS_ROMO_MP__IB,40.34558,-105.59088,200
NPS_ROMO_MP__IB,40.34551,-105.59126,201
NPS_ROMO_MP__IB,40.34532,-105.59198,202
NPS_ROMO_MP__IB,40.34501,-105.59276,203
NPS_ROMO_MP__IB,40.34481,-105.59334,204
NPS_ROMO_MP__IB,40.3447,-105.59373,205
NPS_ROMO_MP__IB,40.34459,-105.59402,206
NPS_ROMO_MP__IB,40.34444,-105.59429,207
NPS_ROMO_MP__IB,40.34403,-105.59496,208
NPS_ROMO_MP__IB,40.34349,-105.59604,209
NPS_ROMO_MP__IB,40.34336,-105.59639,210
NPS_ROMO_MP__IB,40.34324,-105.59672,211
NPS_ROMO_MP__IB,40.34304,-105.59742,212
NPS_ROMO_MP__IB,40.34295,-105.59777,213
NPS_ROMO_MP__IB,40.34288,-105.59813,214
NPS_ROMO_MP__IB,40.34285,-105.59849,215
NPS_ROMO_MP__IB,40.34285,-105.59886,216
NPS_ROMO_MP__IB,40.3429,-105.5996,217
NPS_ROMO_MP__IB,40.3429,-105.59996,218
NPS_ROMO_MP__IB,40.34288,-105.60014,219
NPS_ROMO_MP__IB,40.34279,-105.60047,220
NPS_ROMO_MP__IB,40.34246,-105.60118,221
NPS_ROMO_MP__IB,40.34224,-105.60163,222
NPS_ROMO_MP__IB,40.34213,-105.60181,223
NPS_ROMO_MP__IB,40.34231,-105.60265,224
NPS_ROMO_MP__IB,40.34233,-105.60295,225
NPS_ROMO_MP__IB,40.34233,-105.6032,226
NPS_ROMO_MP__IB,40.34229,-105.60377,227
NPS_ROMO_MP__IB,40.34217,-105.60421,228
NPS_ROMO_MP__IB,40.34211,-105.60459,229
NPS_ROMO_MP__IB,40.34207,-105.60476,230
NPS_ROMO_MP__IB,40.34202,-105.60487,231
NPS_ROMO_MP__IB,40.34193,-105.60504,232
NPS_ROMO_MP__IB,40.34185,-105.60528,233
NPS_ROMO_MP__IB,40.34178,-105.60547,234
NPS_ROMO_MP__IB,40.34173,-105.6055,235
NPS_ROMO_MP__IB,40.34163,-105.60547,236
NPS_ROMO_MP__IB,40.34154,-105.60536,237
NPS_ROMO_MP__IB,40.34153,-105.60521,238
NPS_ROMO_MP__IB,40.34158,-105.60511,239
NPS_ROMO_MP__IB,40.34167,-105.60508,240
NPS_ROMO_MP__IB,40.34186,-105.60499,241
NPS_ROMO_MP__IB,40.34199,-105.60488,242
NPS_ROMO_MP__IB,40.34207,-105.60476,243
NPS_ROMO_MP__IB,40.34211,-105.60459,244
NPS_ROMO_MP__IB,40.34217,-105.60421,245
NPS_ROMO_MP__IB,40.34224,-105.60397,246
NPS_ROMO_MP__IB,40.34229,-105.60377,247
NPS_ROMO_MP__IB,40.34232,-105.60341,248
NPS_ROMO_MP__IB,40.34233,-105.60329,249
NPS_ROMO_MP__IB,40.34232,-105.60278,250
NPS_ROMO_MP__IB,40.34216,-105.60194,251
NPS_ROMO_MP__IB,40.34213,-105.60181,252
NPS_ROMO_MP__IB,40.34205,-105.60188,253
NPS_ROMO_MP__IB,40.34195,-105.60194,254
NPS_ROMO_MP__IB,40.34184,-105.60197,255
NPS_ROMO_MP__IB,40.34173,-105.60197,256
NPS_ROMO_MP__IB,40.34163,-105.60194,257
NPS_ROMO_MP__IB,40.34155,-105.60188,258
NPS_ROMO_MP__IB,40.34143,-105.60178,259
NPS_ROMO_MP__IB,40.34135,-105.60166,260
NPS_ROMO_MP__IB,40.34128,-105.6014,261
NPS_ROMO_MP__IB,40.34128,-105.6012,262
NPS_ROMO_MP__IB,40.34134,-105.601,263
NPS_ROMO_MP__IB,40.34155,-105.60035,264
NPS_ROMO_MP__IB,40.34159,-105.60013,265
NPS_ROMO_MP__IB,40.34162,-105.59983,266
NPS_ROMO_MP__IB,40.34171,-105.59852,267
NPS_ROMO_MP__IB,40.34171,-105.5982,268
NPS_ROMO_MP__IB,40.34167,-105.59798,269
NPS_ROMO_MP__IB,40.34161,-105.59746,270
NPS_ROMO_MP__IB,40.34168,-105.59708,271
NPS_ROMO_MP__IB,40.34188,-105.59629,272
NPS_ROMO_MP__IB,40.3419,-105.59594,273
NPS_ROMO_MP__IB,40.34186,-105.5957,274
NPS_ROMO_MP__IB,40.34177,-105.59548,275
NPS_ROMO_MP__IB,40.34169,-105.59535,276
NPS_ROMO_MP__IB,40.34161,-105.59526,277
NPS_ROMO_MP__IB,40.34145,-105.59513,278
NPS_ROMO_MP__IB,40.34119,-105.59505,279
NPS_ROMO_MP__IB,40.34099,-105.59508,280
NPS_ROMO_MP__IB,40.34086,-105.59514,281
NPS_ROMO_MP__IB,40.34077,-105.59523,282
NPS_ROMO_MP__IB,40.34068,-105.59537,283
NPS_ROMO_MP__IB,40.34058,-105.59559,284
NPS_ROMO_MP__IB,40.34036,-105.59631,285
NPS_ROMO_MP__IB,40.34024,-105.59672,286
NPS_ROMO_MP__IB,40.34006,-105.5974,287
NPS_ROMO_MP__IB,40.33997,-105.59789,288
NPS_ROMO_MP__IB,40.33989,-105.59861,289
NPS_ROMO_MP__IB,40.33978,-105.59986,290
NPS_ROMO_MP__IB,40.33976,-105.60014,291
NPS_ROMO_MP__IB,40.33971,-105.6004,292
NPS_ROMO_MP__IB,40.33963,-105.60058,293
NPS_ROMO_MP__IB,40.33952,-105.60073,294
NPS_ROMO_MP__IB,40.33932,-105.60088,295
NPS_ROMO_MP__IB,40.33915,-105.60094,296
NPS_ROMO_MP__IB,40.33896,-105.60091,297
NPS_ROMO_MP__IB,40.33845,-105.60076,298
NPS_ROMO_MP__IB,40.33819,-105.60068,299
NPS_ROMO_MP__IB,40.33799,-105.60068,300
NPS_ROMO_MP__IB,40.33779,-105.60068,301
NPS_ROMO_MP__IB,40.33754,-105.60075,302
NPS_ROMO_MP__IB,40.33716,-105.60094,303
NPS_ROMO_MP__IB,40.3364,-105.60131,304
NPS_ROMO_MP__IB,40.33622,-105.60138,305
NPS_ROMO_MP__IB,40.33609,-105.60139,306
NPS_ROMO_MP__IB,40.33596,-105.60136,307
NPS_ROMO_MP__IB,40.33582,-105.60133,308
NPS_ROMO_MP__IB,40.3357,-105.60126,309
NPS_ROMO_MP__IB,40.33559,-105.60115,310
NPS_ROMO_MP__IB,40.33547,-105.60095,311
NPS_ROMO_MP__IB,40.33497,-105.59973,312
NPS_ROMO_MP__IB,40.33478,-105.59931,313
NPS_ROMO_MP__IB,40.33456,-105.59903,314
NPS_ROMO_MP__IB,40.33445,-105.59892,315
NPS_ROMO_MP__IB,40.3343,-105.59881,316
NPS_ROMO_MP__IB,40.33405,-105.5987,317
NPS_ROMO_MP__IB,40.33387,-105.59868,318
NPS_ROMO_MP__IB,40.33369,-105.59868,319
NPS_ROMO_MP__IB,40.33346,-105.59874,320
NPS_ROMO_MP__IB,40.33302,-105.59899,321
NPS_ROMO_MP__IB,40.33241,-105.59935,322
NPS_ROMO_MP__IB,40.33224,-105.59942,323
NPS_ROMO_MP__IB,40.33188,-105.59951,324
NPS_ROMO_MP__IB,40.33167,-105.59959,325
NPS_ROMO_MP__IB,40.33147,-105.59972,326
NPS_ROMO_MP__IB,40.33097,-105.60022,327
NPS_ROMO_MP__IB,40.33085,-105.6003,328
NPS_ROMO_MP__IB,40.33076,-105.60032,329
NPS_ROMO_MP__IB,40.33059,-105.60034,330
NPS_ROMO_MP__IB,40.33024,-105.60018,331
NPS_ROMO_MP__IB,40.33005,-105.60009,332
NPS_ROMO_MP__IB,40.32982,-105.59998,333
NPS_ROMO_MP__IB,40.32969,-105.60004,334
NPS_ROMO_MP__IB,40.32958,-105.60019,335
NPS_ROMO_MP__IB,40.32943,-105.60041,336
NPS_ROMO_MP__IB,40.32936,-105.60058,337
NPS_ROMO_MP__IB,40.32938,-105.60074,338
NPS_ROMO_MP__IB,40.32935,-105.60089,339
NPS_ROMO_MP__IB,40.3293,-105.60113,340
NPS_ROMO_MP__IB,40.32923,-105.60133,341
NPS_ROMO_MP__IB,40.32913,-105.60137,342
NPS_ROMO_MP__IB,40.32905,-105.60135,343
NPS_ROMO_MP__IB,40.329,-105.60129,344
NPS_ROMO_MP__IB,40.329,-105.60119,345
NPS_ROMO_MP__IB,40.32904,-105.60105,346
NPS_ROMO_MP__IB,40.32913,-105.60095,347
NPS_ROMO_MP__IB,40.32925,-105.60085,348
NPS_ROMO_MP__IB,40.3293,-105.60075,349
NPS_ROMO_MP__IB,40.32931,-105.60061,350
NPS_ROMO_MP__IB,40.32935,-105.60045,351
NPS_ROMO_MP__IB,40.32944,-105.60029,352
NPS_ROMO_MP__IB,40.32956,-105.60014,353
NPS_ROMO_MP__IB,40.32966,-105.59999,354
NPS_ROMO_MP__IB,40.32978,-105.59989,355
NPS_ROMO_MP__IB,40.3304,-105.5989,356
NPS_ROMO_MP__IB,40.33046,-105.59872,357
NPS_ROMO_MP__IB,40.33047,-105.59852,358
NPS_ROMO_MP__IB,40.33043,-105.59829,359
NPS_ROMO_MP__IB,40.33012,-105.5977,360
NPS_ROMO_MP__IB,40.33001,-105.59752,361
NPS_ROMO_MP__IB,40.32988,-105.59741,362
NPS_ROMO_MP__IB,40.32975,-105.59735,363
NPS_ROMO_MP__IB,40.32958,-105.59723,364
NPS_ROMO_MP__IB,40.32951,-105.59705,365
NPS_ROMO_MP__IB,40.32951,-105.59686,366
NPS_ROMO_MP__IB,40.32955,-105.59672,367
NPS_ROMO_MP__IB,40.32971,-105.59649,368
NPS_ROMO_MP__IB,40.32981,-105.5963,369
NPS_ROMO_MP__IB,40.32985,-105.59611,370
NPS_ROMO_MP__IB,40.32985,-105.5958,371
NPS_ROMO_MP__IB,40.32992,-105.59559,372
NPS_ROMO_MP__IB,40.32999,-105.59541,373
NPS_ROMO_MP__IB,40.32997,-105.59533,374
NPS_ROMO_MP__IB,40.32994,-105.59524,375
NPS_ROMO_MP__IB,40.32995,-105.59517,376
NPS_ROMO_MP__IB,40.32998,-105.59509,377
NPS_ROMO_MP__IB,40.33005,-105.59503,378
NPS_ROMO_MP__IB,40.33009,-105.59505,379
NPS_ROMO_MP__IB,40.33012,-105.59512,380
NPS_ROMO_MP__IB,40.33001,-105.59536,381
NPS_ROMO_MP__IB,40.32985,-105.5958,382
NPS_ROMO_MP__IB,40.32985,-105.59611,383
NPS_ROMO_MP__IB,40.32981,-105.5963,384
NPS_ROMO_MP__IB,40.32971,-105.59649,385
NPS_ROMO_MP__IB,40.32955,-105.59672,386
NPS_ROMO_MP__IB,40.32951,-105.59686,387
NPS_ROMO_MP__IB,40.32951,-105.59705,388
NPS_ROMO_MP__IB,40.32958,-105.59723,389
NPS_ROMO_MP__IB,40.32975,-105.59735,390
NPS_ROMO_MP__IB,40.32988,-105.59741,391
NPS_ROMO_MP__IB,40.33001,-105.59752,392
NPS_ROMO_MP__IB,40.33043,-105.59829,393
NPS_ROMO_MP__IB,40.33047,-105.59852,394
NPS_ROMO_MP__IB,40.33046,-105.59872,395
NPS_ROMO_MP__IB,40.33038,-105.59893,396
NPS_ROMO_MP__IB,40.33011,-105.59938,397
NPS_ROMO_MP__IB,40.3298,-105.5999,398
NPS_ROMO_MP__IB,40.32976,-105.59995,399
NPS_ROMO_MP__IB,40.32965,-105.59987,400
NPS_ROMO_MP__IB,40.32904,-105.59946,401
NPS_ROMO_MP__IB,40.32903,-105.59946,402
NPS_ROMO_MP__IB,40.32878,-105.59932,403
NPS_ROMO_MP__IB,40.32866,-105.59929,404
NPS_ROMO_MP__IB,40.32857,-105.59929,405
NPS_ROMO_MP__IB,40.32844,-105.59932,406
NPS_ROMO_MP__IB,40.32831,-105.5994,407
NPS_ROMO_MP__IB,40.32817,-105.59953,408
NPS_ROMO_MP__IB,40.32795,-105.59984,409
NPS_ROMO_MP__IB,40.32774,-105.6002,410
NPS_ROMO_MP__IB,40.32761,-105.6005,411
NPS_ROMO_MP__IB,40.32752,-105.60066,412
NPS_ROMO_MP__IB,40.32744,-105.60073,413
NPS_ROMO_MP__IB,40.32733,-105.60082,414
NPS_ROMO_MP__IB,40.3267,-105.60104,415
NPS_ROMO_MP__IB,40.32651,-105.60113,416
NPS_ROMO_MP__IB,40.3263,-105.60129,417
NPS_ROMO_MP__IB,40.32614,-105.60144,418
NPS_ROMO_MP__IB,40.326,-105.60165,419
NPS_ROMO_MP__IB,40.32584,-105.60198,420
NPS_ROMO_MP__IB,40.32558,-105.60262,421
NPS_ROMO_MP__IB,40.32549,-105.60291,422
NPS_ROMO_MP__IB,40.32544,-105.6031,423
NPS_ROMO_MP__IB,40.32543,-105.60367,424
NPS_ROMO_MP__IB,40.3254,-105.60387,425
NPS_ROMO_MP__IB,40.32537,-105.60396,426
NPS_ROMO_MP__IB,40.32515,-105.60431,427
NPS_ROMO_MP__IB,40.32504,-105.60454,428
NPS_ROMO_MP__IB,40.32501,-105.60469,429
NPS_ROMO_MP__IB,40.32502,-105.60523,430
NPS_ROMO_MP__IB,40.32508,-105.60624,431
NPS_ROMO_MP__IB,40.32507,-105.60642,432
NPS_ROMO_MP__IB,40.325,-105.60675,433
NPS_ROMO_MP__IB,40.32493,-105.60687,434
NPS_ROMO_MP__IB,40.32477,-105.60709,435
NPS_ROMO_MP__IB,40.32413,-105.60759,436
NPS_ROMO_MP__IB,40.32341,-105.60702,437
NPS_ROMO_MP__IB,40.32334,-105.60693,438
NPS_ROMO_MP__IB,40.32328,-105.60676,439
NPS_ROMO_MP__IB,40.32318,-105.60637,440
NPS_ROMO_MP__IB,40.32313,-105.6063,441
NPS_ROMO_MP__IB,40.32341,-105.60593,442
NPS_ROMO_MP__IB,40.3236,-105.60559,443
NPS_ROMO_MP__IB,40.32368,-105.60537,444
NPS_ROMO_MP__IB,40.32369,-105.60534,445
NPS_ROMO_MP__IB,40.32369,-105.60523,446
NPS_ROMO_MP__IB,40.32362,-105.60514,447
NPS_ROMO_MP__IB,40.32351,-105.60505,448
NPS_ROMO_MP__IB,40.32337,-105.60502,449
NPS_ROMO_MP__IB,40.32311,-105.60509,450
NPS_ROMO_MP__IB,40.32289,-105.60509,451
NPS_ROMO_MP__IB,40.32274,-105.60497,452
NPS_ROMO_MP__IB,40.32273,-105.60485,453
NPS_ROMO_MP__IB,40.32277,-105.60471,454
NPS_ROMO_MP__IB,40.32288,-105.60463,455
NPS_ROMO_MP__IB,40.32302,-105.60464,456
NPS_ROMO_MP__IB,40.32316,-105.60473,457
NPS_ROMO_MP__IB,40.32327,-105.60487,458
NPS_ROMO_MP__IB,40.32337,-105.60499,459
NPS_ROMO_MP__IB,40.32351,-105.60503,460
NPS_ROMO_MP__IB,40.32364,-105.60512,461
NPS_ROMO_MP__IB,40.3237,-105.60521,462
NPS_ROMO_MP__IB,40.32368,-105.60537,463
NPS_ROMO_MP__IB,40.3236,-105.60559,464
NPS_ROMO_MP__IB,40.32341,-105.60593,465
NPS_ROMO_MP__IB,40.32313,-105.6063,466
NPS_ROMO_MP__IB,40.32318,-105.60637,467
NPS_ROMO_MP__IB,40.32321,-105.60649,468
NPS_ROMO_MP__IB,40.32334,-105.60693,469
NPS_ROMO_MP__IB,40.32341,-105.60702,470
NPS_ROMO_MP__IB,40.32365,-105.60721,471
NPS_ROMO_MP__IB,40.32413,-105.60759,472
NPS_ROMO_MP__IB,40.32431,-105.60744,473
NPS_ROMO_MP__IB,40.32477,-105.60709,474
NPS_ROMO_MP__IB,40.32493,-105.60687,475
NPS_ROMO_MP__IB,40.32504,-105.6066,476
NPS_ROMO_MP__IB,40.32508,-105.60624,477
NPS_ROMO_MP__IB,40.32502,-105.60523,478
NPS_ROMO_MP__IB,40.32501,-105.60469,479
NPS_ROMO_MP__IB,40.32508,-105.60442,480
NPS_ROMO_MP__IB,40.32512,-105.60436,481
NPS_ROMO_MP__IB,40.32535,-105.60401,482
NPS_ROMO_MP__IB,40.32542,-105.60378,483
NPS_ROMO_MP__IB,40.32543,-105.60319,484
NPS_ROMO_MP__IB,40.32546,-105.60301,485
NPS_ROMO_MP__IB,40.32551,-105.60283,486
NPS_ROMO_MP__IB,40.32593,-105.60176,487
NPS_ROMO_MP__IB,40.32607,-105.60154,488
NPS_ROMO_MP__IB,40.32622,-105.60136,489
NPS_ROMO_MP__IB,40.3264,-105.6012,490
NPS_ROMO_MP__IB,40.32661,-105.60108,491
NPS_ROMO_MP__IB,40.32727,-105.60085,492
NPS_ROMO_MP__IB,40.32741,-105.60077,493
NPS_ROMO_MP__IB,40.32749,-105.6007,494
NPS_ROMO_MP__IB,40.32757,-105.60059,495
NPS_ROMO_MP__IB,40.32765,-105.60041,496
NPS_ROMO_MP__IB,40.32782,-105.60005,497
NPS_ROMO_MP__IB,40.32804,-105.59971,498
NPS_ROMO_MP__IB,40.32824,-105.59946,499
NPS_ROMO_MP__IB,40.32837,-105.59935,500
NPS_ROMO_MP__IB,40.3285,-105.5993,501
NPS_ROMO_MP__IB,40.32862,-105.59929,502
NPS_ROMO_MP__IB,40.32869,-105.5993,503
NPS_ROMO_MP__IB,40.32888,-105.59935,504
NPS_ROMO_MP__IB,40.32924,-105.59959,505
NPS_ROMO_MP__IB,40.32971,-105.59991,506
NPS_ROMO_MP__IB,40.32973,-105.59997,507
NPS_ROMO_MP__IB,40.3297,-105.60005,508
NPS_ROMO_MP__IB,40.32955,-105.60026,509
NPS_ROMO_MP__IB,40.32943,-105.60042,510
NPS_ROMO_MP__IB,40.32937,-105.60059,511
NPS_ROMO_MP__IB,40.32937,-105.60073,512
NPS_ROMO_MP__IB,40.3293,-105.60112,513
NPS_ROMO_MP__IB,40.32922,-105.60133,514
NPS_ROMO_MP__IB,40.32913,-105.60136,515
NPS_ROMO_MP__IB,40.32906,-105.60134,516
NPS_ROMO_MP__IB,40.32901,-105.60128,517
NPS_ROMO_MP__IB,40.32901,-105.60117,518
NPS_ROMO_MP__IB,40.32904,-105.60106,519
NPS_ROMO_MP__IB,40.32925,-105.60087,520
NPS_ROMO_MP__IB,40.3293,-105.60077,521
NPS_ROMO_HE__OB,40.32935,-105.60089,1
NPS_ROMO_HE__OB,40.32928,-105.60118,2
NPS_ROMO_HE__OB,40.32922,-105.60131,3
NPS_ROMO_HE__OB,40.32915,-105.60135,4
NPS_ROMO_HE__OB,40.32908,-105.60136,5
NPS_ROMO_HE__OB,40.32902,-105.60132,6
NPS_ROMO_HE__OB,40.329,-105.60122,7
NPS_ROMO_HE__OB,40.32902,-105.60111,8
NPS_ROMO_HE__OB,40.32909,-105.60098,9
NPS_ROMO_HE__OB,40.3292,-105.60091,10
NPS_ROMO_HE__OB,40.32929,-105.60082,11
NPS_ROMO_HE__OB,40.32931,-105.60071,12
NPS_ROMO_HE__OB,40.32931,-105.60062,13
NPS_ROMO_HE__OB,40.32933,-105.60051,14
NPS_ROMO_HE__OB,40.32938,-105.6004,15
NPS_ROMO_HE__OB,40.32952,-105.60019,16
NPS_ROMO_HE__OB,40.32963,-105.60003,17
NPS_ROMO_HE__OB,40.32967,-105.59996,18
NPS_ROMO_HE__OB,40.32971,-105.59993,19
NPS_ROMO_HE__OB,40.3298,-105.59995,20
NPS_ROMO_HE__OB,40.3299,-105.59999,21
NPS_ROMO_HE__OB,40.33047,-105.60028,22
NPS_ROMO_HE__OB,40.33064,-105.60034,23
NPS_ROMO_HE__OB,40.33081,-105.60032,24
NPS_ROMO_HE__OB,40.3309,-105.60027,25
NPS_ROMO_HE__OB,40.33104,-105.60014,26
NPS_ROMO_HE__OB,40.3314,-105.59978,27
NPS_ROMO_HE__OB,40.33158,-105.59964,28
NPS_ROMO_HE__OB,40.3318,-105.59953,29
NPS_ROMO_HE__OB,40.33214,-105.59944,30
NPS_ROMO_HE__OB,40.33234,-105.59938,31
NPS_ROMO_HE__OB,40.33251,-105.59929,32
NPS_ROMO_HE__OB,40.33324,-105.59884,33
NPS_ROMO_HE__OB,40.33354,-105.59872,34
NPS_ROMO_HE__OB,40.33357,-105.5987,35
NPS_ROMO_HE__OB,40.33379,-105.59866,36
NPS_ROMO_HE__OB,40.33395,-105.59869,37
NPS_ROMO_HE__OB,40.3341,-105.59872,38
NPS_ROMO_HE__OB,40.33438,-105.59887,39
NPS_ROMO_HE__OB,40.33461,-105.59908,40
NPS_ROMO_HE__OB,40.33482,-105.59938,41
NPS_ROMO_HE__OB,40.33504,-105.59987,42
NPS_ROMO_HE__OB,40.33551,-105.60102,43
NPS_ROMO_HE__OB,40.33565,-105.6012,44
NPS_ROMO_HE__OB,40.33574,-105.60129,45
NPS_ROMO_HE__OB,40.33589,-105.60135,46
NPS_ROMO_HE__OB,40.33601,-105.60138,47
NPS_ROMO_HE__OB,40.33616,-105.60138,48
NPS_ROMO_HE__OB,40.33627,-105.60136,49
NPS_ROMO_HE__OB,40.33667,-105.60118,50
NPS_ROMO_HE__OB,40.33735,-105.60082,51
NPS_ROMO_HE__OB,40.3376,-105.60073,52
NPS_ROMO_HE__OB,40.33791,-105.60068,53
NPS_ROMO_HE__OB,40.33808,-105.60068,54
NPS_ROMO_HE__OB,40.33829,-105.6007,55
NPS_ROMO_HE__OB,40.33873,-105.60084,56
NPS_ROMO_HE__OB,40.33907,-105.60093,57
NPS_ROMO_HE__OB,40.33921,-105.60091,58
NPS_ROMO_HE__OB,40.33932,-105.60088,59
NPS_ROMO_HE__OB,40.33944,-105.60081,60
NPS_ROMO_HE__OB,40.33952,-105.60073,61
NPS_ROMO_HE__OB,40.33963,-105.60057,62
NPS_ROMO_HE__OB,40.3397,-105.60039,63
NPS_ROMO_HE__OB,40.33976,-105.60014,64
NPS_ROMO_HE__OB,40.33983,-105.59935,65
NPS_ROMO_HE__OB,40.33993,-105.59823,66
NPS_ROMO_HE__OB,40.33997,-105.59789,67
NPS_ROMO_HE__OB,40.34006,-105.5974,68
NPS_ROMO_HE__OB,40.34035,-105.59631,69
NPS_ROMO_HE__OB,40.34058,-105.59559,70
NPS_ROMO_HE__OB,40.34068,-105.59537,71
NPS_ROMO_HE__OB,40.34077,-105.59523,72
NPS_ROMO_HE__OB,40.34086,-105.59514,73
NPS_ROMO_HE__OB,40.34099,-105.59508,74
NPS_ROMO_HE__OB,40.34118,-105.59505,75
NPS_ROMO_HE__OB,40.34145,-105.59512,76
NPS_ROMO_HE__OB,40.34161,-105.59526,77
NPS_ROMO_HE__OB,40.34169,-105.59535,78
NPS_ROMO_HE__OB,40.34176,-105.59548,79
NPS_ROMO_HE__OB,40.34185,-105.59569,80
NPS_ROMO_HE__OB,40.3419,-105.59593,81
NPS_ROMO_HE__OB,40.3419,-105.59608,82
NPS_ROMO_HE__OB,40.34188,-105.59629,83
NPS_ROMO_HE__OB,40.34182,-105.59652,84
NPS_ROMO_HE__OB,40.34163,-105.59731,85
NPS_ROMO_HE__OB,40.34162,-105.59758,86
NPS_ROMO_HE__OB,40.34171,-105.5982,87
NPS_ROMO_HE__OB,40.34171,-105.59852,88
NPS_ROMO_HE__OB,40.34165,-105.59923,89
NPS_ROMO_HE__OB,40.34158,-105.60012,90
NPS_ROMO_HE__OB,40.34153,-105.60043,91
NPS_ROMO_HE__OB,40.34143,-105.60073,92
NPS_ROMO_HE__OB,40.34131,-105.60109,93
NPS_ROMO_HE__OB,40.34127,-105.60134,94
NPS_ROMO_HE__OB,40.34129,-105.60145,95
NPS_ROMO_HE__OB,40.34133,-105.6016,96
NPS_ROMO_HE__OB,40.34138,-105.60174,97
NPS_ROMO_HE__OB,40.3415,-105.60185,98
NPS_ROMO_HE__OB,40.34169,-105.60196,99
NPS_ROMO_HE__OB,40.3418,-105.60197,100
NPS_ROMO_HE__OB,40.3419,-105.60196,101
NPS_ROMO_HE__OB,40.34199,-105.60192,102
NPS_ROMO_HE__OB,40.34212,-105.60181,103
NPS_ROMO_HE__OB,40.34223,-105.60163,104
NPS_ROMO_HE__OB,40.34246,-105.60118,105
NPS_ROMO_HE__OB,40.34279,-105.60046,106
NPS_ROMO_HE__OB,40.34288,-105.60014,107
NPS_ROMO_HE__OB,40.3429,-105.59996,108
NPS_ROMO_HE__OB,40.3429,-105.5996,109
NPS_ROMO_HE__OB,40.34285,-105.59874,110
NPS_ROMO_HE__OB,40.34288,-105.59812,111
NPS_ROMO_HE__OB,40.34295,-105.59776,112
NPS_ROMO_HE__OB,40.34304,-105.59742,113
NPS_ROMO_HE__OB,40.34335,-105.59638,114
NPS_ROMO_HE__OB,40.34349,-105.59604,115
NPS_ROMO_HE__OB,40.34364,-105.59573,116
NPS_ROMO_HE__OB,40.34402,-105.59496,117
NPS_ROMO_HE__OB,40.34418,-105.59467,118
NPS_ROMO_HE__OB,40.34458,-105.59402,119
NPS_ROMO_HE__OB,40.3447,-105.59373,120
NPS_ROMO_HE__OB,40.34481,-105.59334,121
NPS_ROMO_HE__OB,40.34501,-105.59276,122
NPS_ROMO_HE__OB,40.34532,-105.59198,123
NPS_ROMO_HE__OB,40.3455,-105.59126,124
NPS_ROMO_HE__OB,40.34558,-105.59087,125
NPS_ROMO_HE__OB,40.34563,-105.59048,126
NPS_ROMO_HE__OB,40.34561,-105.58992,127
NPS_ROMO_HE__OB,40.34555,-105.58886,128
NPS_ROMO_HE__OB,40.34556,-105.58821,129
NPS_ROMO_HE__OB,40.34565,-105.5872,130
NPS_ROMO_HE__OB,40.3457,-105.58652,131
NPS_ROMO_HE__OB,40.34577,-105.58622,132
NPS_ROMO_HE__OB,40.34597,-105.58553,133
NPS_ROMO_HE__OB,40.34606,-105.58499,134
NPS_ROMO_HE__OB,40.34615,-105.58395,135
NPS_ROMO_HE__OB,40.34655,-105.57999,136
NPS_ROMO_HE__OB,40.34662,-105.5796,137
NPS_ROMO_HE__OB,40.34671,-105.57927,138
NPS_ROMO_HE__OB,40.34685,-105.57889,139
NPS_ROMO_HE__OB,40.347,-105.57857,140
NPS_ROMO_HE__OB,40.34718,-105.57828,141
NPS_ROMO_HE__OB,40.34752,-105.57789,142
NPS_ROMO_HE__OB,40.34776,-105.57767,143
NPS_ROMO_HE__OB,40.34794,-105.57753,144
NPS_ROMO_HE__OB,40.34828,-105.57733,145
NPS_ROMO_HE__OB,40.34855,-105.57724,146
NPS_ROMO_HE__OB,40.34878,-105.57718,147
NPS_ROMO_HE__OB,40.34905,-105.57715,148
NPS_ROMO_HE__OB,40.34935,-105.57718,149
NPS_ROMO_HE__OB,40.34959,-105.57722,150
NPS_ROMO_HE__OB,40.34999,-105.57736,151
NPS_ROMO_HE__OB,40.35025,-105.57751,152
NPS_ROMO_HE__OB,40.35051,-105.5777,153
NPS_ROMO_HE__OB,40.35075,-105.57792,154
NPS_ROMO_HE__OB,40.35105,-105.57826,155
NPS_ROMO_HE__OB,40.35128,-105.57864,156
NPS_ROMO_HE__OB,40.35143,-105.57897,157
NPS_ROMO_HE__OB,40.35181,-105.5801,158
NPS_ROMO_HE__OB,40.35202,-105.58062,159
NPS_ROMO_HE__OB,40.35226,-105.58105,160
NPS_ROMO_HE__OB,40.35262,-105.5815,161
NPS_ROMO_HE__OB,40.35281,-105.58168,162
NPS_ROMO_HE__OB,40.35329,-105.58203,163
NPS_ROMO_HE__OB,40.35558,-105.58346,164
NPS_ROMO_HE__OB,40.35777,-105.58481,165
NPS_ROMO_HE__OB,40.35802,-105.58499,166
NPS_ROMO_HE__OB,40.35815,-105.5851,167
NPS_ROMO_HE__OB,40.35835,-105.5853,168
NPS_ROMO_HE__OB,40.35869,-105.58578,169
NPS_ROMO_HE__OB,40.35875,-105.58589,170
NPS_ROMO_HE__OB,40.3588,-105.58591,171
NPS_ROMO_HE__OB,40.35888,-105.5859,172
NPS_ROMO_HE__OB,40.35905,-105.58574,173
NPS_ROMO_HE__OB,40.3591,-105.58564,174
NPS_ROMO_HE__OB,40.35911,-105.58555,175
NPS_ROMO_HE__OB,40.35908,-105.58544,176
NPS_ROMO_HE__OB,40.35896,-105.58532,177
NPS_ROMO_HE__OB,40.3588,-105.58524,178
NPS_ROMO_HE__OB,40.35872,-105.58513,179
NPS_ROMO_HE__OB,40.35866,-105.58497,180
NPS_ROMO_HE__OB,40.35859,-105.58483,181
NPS_ROMO_HE__OB,40.35847,-105.5847,182
NPS_ROMO_HE__OB,40.35838,-105.58454,183
NPS_ROMO_HE__OB,40.35831,-105.58432,184
NPS_ROMO_HE__OB,40.35828,-105.58414,185
NPS_ROMO_HE__OB,40.35828,-105.58406,186
NPS_ROMO_HE__OB,40.35833,-105.58401,187
NPS_ROMO_HE__OB,40.35841,-105.58398,188
NPS_ROMO_HE__OB,40.35848,-105.58404,189
NPS_ROMO_HE__OB,40.35853,-105.58416,190
NPS_ROMO_HE__OB,40.35858,-105.58432,191
NPS_ROMO_HE__OB,40.35863,-105.58451,192
NPS_ROMO_HE__OB,40.35867,-105.58474,193
NPS_ROMO_HE__OB,40.35867,-105.58488,194
NPS_ROMO_HE__OB,40.3587,-105.58499,195
NPS_ROMO_HE__OB,40.35881,-105.5852,196
NPS_ROMO_HE__OB,40.35897,-105.5853,197
NPS_ROMO_HE__OB,40.35911,-105.5854,198
NPS_ROMO_HE__OB,40.35914,-105.58549,199
NPS_ROMO_HE__OB,40.35915,-105.58566,200
NPS_ROMO_HE__OB,40.35911,-105.58574,201
NPS_ROMO_HE__OB,40.35904,-105.58583,202
NPS_ROMO_HE__OB,40.3589,-105.58595,203
NPS_ROMO_HE__OB,40.35888,-105.586,204
NPS_ROMO_HE__OB,40.35887,-105.58609,205
NPS_ROMO_HE__OB,40.35897,-105.58632,206
NPS_ROMO_HE__OB,40.35911,-105.58674,207
NPS_ROMO_HE__OB,40.35919,-105.58708,208
NPS_ROMO_HE__OB,40.35925,-105.58744,209
NPS_ROMO_HE__OB,40.35927,-105.58778,210
NPS_ROMO_HE__OB,40.35926,-105.58812,211
NPS_ROMO_HE__OB,40.35922,-105.58853,212
NPS_ROMO_HE__OB,40.35908,-105.5892,213
NPS_ROMO_HE__OB,40.35898,-105.58972,214
NPS_ROMO_HE__OB,40.35899,-105.58997,215
NPS_ROMO_HE__OB,40.35905,-105.59023,216
NPS_ROMO_HE__OB,40.35917,-105.59048,217
NPS_ROMO_HE__OB,40.35931,-105.59064,218
NPS_ROMO_HE__OB,40.35949,-105.59075,219
NPS_ROMO_HE__OB,40.35972,-105.59078,220
NPS_ROMO_HE__OB,40.35993,-105.59075,221
NPS_ROMO_HE__OB,40.3601,-105.59068,222
NPS_ROMO_HE__OB,40.36027,-105.59053,223
NPS_ROMO_HE__OB,40.36038,-105.59037,224
NPS_ROMO_HE__OB,40.36047,-105.59017,225
NPS_ROMO_HE__OB,40.36054,-105.58978,226
NPS_ROMO_HE__OB,40.36061,-105.58893,227
NPS_ROMO_HE__OB,40.3606,-105.5885,228
NPS_ROMO_HE__OB,40.36052,-105.58803,229
NPS_ROMO_HE__OB,40.36043,-105.58776,230
NPS_ROMO_HE__OB,40.36023,-105.58713,231
NPS_ROMO_HE__OB,40.36013,-105.5867,232
NPS_ROMO_HE__OB,40.36002,-105.58595,233
NPS_ROMO_HE__OB,40.35996,-105.58499,234
NPS_ROMO_HE__OB,40.35991,-105.58379,235
NPS_ROMO_HE__OB,40.3599,-105.58323,236
NPS_ROMO_HE__OB,40.35996,-105.58287,237
NPS_ROMO_HE__OB,40.36004,-105.5826,238
NPS_ROMO_HE__OB,40.36014,-105.58236,239
NPS_ROMO_HE__OB,40.36036,-105.58208,240
NPS_ROMO_HE__OB,40.36066,-105.58182,241
NPS_ROMO_HE__OB,40.36093,-105.5817,242
NPS_ROMO_HE__OB,40.36112,-105.58168,243
NPS_ROMO_HE__OB,40.3613,-105.58168,244
NPS_ROMO_HE__OB,40.36146,-105.58172,245
NPS_ROMO_HE__OB,40.36171,-105.58182,246
NPS_ROMO_HE__OB,40.36202,-105.58206,247
NPS_ROMO_HE__OB,40.36482,-105.58494,248
NPS_ROMO_HE__OB,40.36522,-105.58533,249
NPS_ROMO_HE__OB,40.3654,-105.58535,250
NPS_ROMO_HE__OB,40.36551,-105.58533,251
NPS_ROMO_HE__OB,40.36569,-105.58526,252
NPS_ROMO_HE__OB,40.3659,-105.58515,253
NPS_ROMO_HE__OB,40.36582,-105.58488,254
NPS_ROMO_HE__OB,40.36572,-105.58442,255
NPS_ROMO_HE__OB,40.36567,-105.58411,256
NPS_ROMO_HE__OB,40.36566,-105.58371,257
NPS_ROMO_HE__OB,40.36569,-105.58332,258
NPS_ROMO_HE__OB,40.36578,-105.58274,259
NPS_ROMO_HE__OB,40.36587,-105.58247,260
NPS_ROMO_HE__OB,40.36598,-105.58215,261
NPS_ROMO_HE__OB,40.3661,-105.58182,262
NPS_ROMO_HE__OB,40.36625,-105.58118,263
NPS_ROMO_HE__OB,40.36634,-105.58092,264
NPS_ROMO_HE__OB,40.36654,-105.58049,265
NPS_ROMO_HE__OB,40.36666,-105.58023,266
NPS_ROMO_HE__OB,40.36674,-105.57999,267
NPS_ROMO_HE__OB,40.36681,-105.57959,268
NPS_ROMO_HE__OB,40.36687,-105.57911,269
NPS_ROMO_HE__OB,40.36685,-105.57837,270
NPS_ROMO_HE__OB,40.36679,-105.5774,271
NPS_ROMO_HE__OB,40.36661,-105.57502,272
NPS_ROMO_HE__OB,40.36659,-105.57423,273
NPS_ROMO_HE__OB,40.3666,-105.57388,274
NPS_ROMO_HE__OB,40.3667,-105.57326,275
NPS_ROMO_HE__OB,40.36679,-105.57298,276
NPS_ROMO_HE__OB,40.36692,-105.57263,277
NPS_ROMO_HE__OB,40.3671,-105.57223,278
NPS_ROMO_HE__OB,40.36737,-105.57186,279
NPS_ROMO_HE__OB,40.36759,-105.57159,280
NPS_ROMO_HE__OB,40.36772,-105.57148,281
NPS_ROMO_HE__OB,40.3684,-105.57092,282
NPS_ROMO_HE__OB,40.36868,-105.57065,283
NPS_ROMO_HE__OB,40.36885,-105.57046,284
NPS_ROMO_HE__OB,40.36903,-105.57019,285
NPS_ROMO_HE__OB,40.36914,-105.56999,286
NPS_ROMO_HE__OB,40.36934,-105.5695,287
NPS_ROMO_HE__OB,40.36943,-105.56907,288
NPS_ROMO_HE__OB,40.36945,-105.56885,289
NPS_ROMO_HE__OB,40.36949,-105.56846,290
NPS_ROMO_HE__OB,40.36948,-105.5681,291
NPS_ROMO_HE__OB,40.36942,-105.56771,292
NPS_ROMO_HE__OB,40.36934,-105.56741,293
NPS_ROMO_HE__OB,40.36922,-105.56707,294
NPS_ROMO_HE__OB,40.3684,-105.5652,295
NPS_ROMO_HE__OB,40.36795,-105.56407,296
NPS_ROMO_HE__OB,40.36735,-105.56241,297
NPS_ROMO_HE__OB,40.36663,-105.56011,298
NPS_ROMO_HE__OB,40.36607,-105.55804,299
NPS_ROMO_HE__OB,40.36587,-105.55714,300
NPS_ROMO_HE__OB,40.36515,-105.55403,301
NPS_ROMO_HE__OB,40.36492,-105.5532,302
NPS_ROMO_HE__OB,40.36464,-105.55239,303
NPS_ROMO_HE__OB,40.36417,-105.55122,304
NPS_ROMO_HE__OB,40.3641,-105.55113,305
NPS_ROMO_HE__OB,40.36336,-105.54944,306
NPS_ROMO_HE__OB,40.36316,-105.54894,307
NPS_ROMO_HE__OB,40.36307,-105.54858,308
NPS_ROMO_HE__OB,40.36304,-105.54822,309
NPS_ROMO_HE__OB,40.36304,-105.54781,310
NPS_ROMO_HE__OB,40.36311,-105.54736,311
NPS_ROMO_HE__OB,40.36323,-105.54694,312
NPS_ROMO_HE__OB,40.36336,-105.54664,313
NPS_ROMO_HE__OB,40.36378,-105.54586,314
NPS_ROMO_HE__OB,40.36408,-105.5453,315
NPS_ROMO_HE__OB,40.36417,-105.54507,316
NPS_ROMO_HE__OB,40.36425,-105.5448,317
NPS_ROMO_HE__OB,40.36437,-105.54421,318
NPS_ROMO_HE__OB,40.36448,-105.5435,319
NPS_ROMO_HE__OB,40.36473,-105.54179,320
NPS_ROMO_HE__OB,40.36482,-105.54138,321
NPS_ROMO_HE__OB,40.36491,-105.54111,322
NPS_ROMO_HE__OB,40.36502,-105.54084,323
NPS_ROMO_HE__OB,40.36564,-105.53947,324
NPS_ROMO_HE__OB,40.36659,-105.53737,325
NPS_ROMO_HE__OB,40.36687,-105.53679,326
NPS_ROMO_HE__OB,40.36716,-105.53631,327
NPS_ROMO_HE__OB,40.36766,-105.53553,328
NPS_ROMO_HE__OB,40.36778,-105.53534,329
NPS_ROMO_HE__OB,40.36792,-105.53503,330
NPS_ROMO_HE__OB,40.36813,-105.53449,331
NPS_ROMO_HE__OB,40.36886,-105.53269,332
NPS_ROMO_HE__OB,40.36934,-105.53149,333
NPS_ROMO_HE__OB,40.36974,-105.53059,334
NPS_ROMO_HE__OB,40.37008,-105.53001,335
NPS_ROMO_HE__OB,40.37044,-105.52954,336
NPS_ROMO_HE__OB,40.37095,-105.52902,337
NPS_ROMO_HE__OB,40.37133,-105.52859,338
NPS_ROMO_HE__OB,40.37149,-105.52832,339
NPS_ROMO_HE__OB,40.37165,-105.52803,340
NPS_ROMO_HE__OB,40.37198,-105.52719,341
NPS_ROMO_HE__OB,40.37222,-105.52648,342
NPS_ROMO_HE__OB,40.37231,-105.52609,343
NPS_ROMO_HE__OB,40.37238,-105.52561,344
NPS_ROMO_HE__OB,40.3724,-105.5251,345
NPS_ROMO_HE__OB,40.37239,-105.52429,346
NPS_ROMO_HE__OB,40.37243,-105.52408,347
NPS_ROMO_HE__OB,40.37247,-105.52398,348
NPS_ROMO_HE__OB,40.37267,-105.52373,349
NPS_ROMO_HE__OB,40.3729,-105.52362,350
NPS_ROMO_HE__OB,40.37313,-105.52357,351
NPS_ROMO_HE__OB,40.37464,-105.52357,352
NPS_ROMO_HE__OB,40.37606,-105.52359,353
NPS_ROMO_HE__OB,40.37612,-105.52359,354
NPS_ROMO_HE__OB,40.37637,-105.52265,355
NPS_ROMO_HE__OB,40.37665,-105.52156,356
NPS_ROMO_HE__OB,40.37733,-105.51857,357
NPS_ROMO_HE__OB,40.37754,-105.51781,358
NPS_ROMO_HE__OB,40.3776,-105.51761,359
NPS_ROMO_HE__OB,40.37773,-105.51733,360
NPS_ROMO_HE__OB,40.37797,-105.51697,361
NPS_ROMO_HE__OB,40.37802,-105.51688,362
NPS_ROMO_HE__OB,40.3783,-105.51625,363
NPS_ROMO_HE__OB,40.37852,-105.51585,364
NPS_ROMO_HE__OB,40.3787,-105.51555,365
NPS_ROMO_HE__OB,40.3788,-105.51539,366
NPS_ROMO_HE__OB,40.37883,-105.51531,367
NPS_ROMO_HE__OB,40.37865,-105.51515,368
NPS_ROMO_HE__OB,40.37865,-105.51506,369
NPS_ROMO_HE__OB,40.37874,-105.51489,370
NPS_ROMO_HE__OB,40.37886,-105.51469,371
NPS_ROMO_HE__OB,40.37893,-105.51453,372
NPS_ROMO_HE__OB,40.37901,-105.5141,373
NPS_ROMO_HE__OB,40.379,-105.51396,374
NPS_ROMO_HE__OB,40.37893,-105.51385,375
NPS_ROMO_HE__OB,40.3788,-105.51374,376
NPS_ROMO_HE__IB,40.37891,-105.51382,1
NPS_ROMO_HE__IB,40.37877,-105.51368,2
NPS_ROMO_HE__IB,40.37876,-105.51363,3
NPS_ROMO_HE__IB,40.37878,-105.51355,4
NPS_ROMO_HE__IB,40.37886,-105.5134,5
NPS_ROMO_HE__IB,40.3789,-105.51333,6
NPS_ROMO_HE__IB,40.379,-105.51331,7
NPS_ROMO_HE__IB,40.37913,-105.51331,8
NPS_ROMO_HE__IB,40.37936,-105.5133,9
NPS_ROMO_HE__IB,40.37953,-105.51335,10
NPS_ROMO_HE__IB,40.37963,-105.51339,11
NPS_ROMO_HE__IB,40.37984,-105.51351,12
NPS_ROMO_HE__IB,40.37948,-105.51418,13
NPS_ROMO_HE__IB,40.37899,-105.51512,14
NPS_ROMO_HE__IB,40.37892,-105.51538,15
NPS_ROMO_HE__IB,40.37861,-105.51594,16
NPS_ROMO_HE__IB,40.37838,-105.51634,17
NPS_ROMO_HE__IB,40.37827,-105.5165,18
NPS_ROMO_HE__IB,40.37809,-105.51695,19
NPS_ROMO_HE__IB,40.37782,-105.51742,20
NPS_ROMO_HE__IB,40.37757,-105.51785,21
NPS_ROMO_HE__IB,40.37751,-105.51792,22
NPS_ROMO_HE__IB,40.37733,-105.51857,23
NPS_ROMO_HE__IB,40.37686,-105.52062,24
NPS_ROMO_HE__IB,40.37665,-105.52156,25
NPS_ROMO_HE__IB,40.37637,-105.52265,26
NPS_ROMO_HE__IB,40.37612,-105.52359,27
NPS_ROMO_HE__IB,40.37606,-105.52359,28
NPS_ROMO_HE__IB,40.37558,-105.52359,29
NPS_ROMO_HE__IB,40.37498,-105.52357,30
NPS_ROMO_HE__IB,40.37342,-105.52357,31
NPS_ROMO_HE__IB,40.37304,-105.52359,32
NPS_ROMO_HE__IB,40.37294,-105.52359,33
NPS_ROMO_HE__IB,40.37272,-105.52368,34
NPS_ROMO_HE__IB,40.37263,-105.52377,35
NPS_ROMO_HE__IB,40.3725,-105.52393,36
NPS_ROMO_HE__IB,40.37245,-105.52402,37
NPS_ROMO_HE__IB,40.3724,-105.5242,38
NPS_ROMO_HE__IB,40.37239,-105.52444,39
NPS_ROMO_HE__IB,40.3724,-105.52492,40
NPS_ROMO_HE__IB,40.37239,-105.52544,41
NPS_ROMO_HE__IB,40.37233,-105.52596,42
NPS_ROMO_HE__IB,40.37225,-105.5263,43
NPS_ROMO_HE__IB,40.37211,-105.52683,44
NPS_ROMO_HE__IB,40.37185,-105.52753,45
NPS_ROMO_HE__IB,40.37158,-105.52818,46
NPS_ROMO_HE__IB,40.37142,-105.52846,47
NPS_ROMO_HE__IB,40.37115,-105.52882,48
NPS_ROMO_HE__IB,40.37055,-105.5294,49
NPS_ROMO_HE__IB,40.37031,-105.52969,50
NPS_ROMO_HE__IB,40.36996,-105.53019,51
NPS_ROMO_HE__IB,40.36979,-105.5305,52
NPS_ROMO_HE__IB,40.36957,-105.53096,53
NPS_ROMO_HE__IB,40.36916,-105.53192,54
NPS_ROMO_HE__IB,40.36826,-105.5342,55
NPS_ROMO_HE__IB,40.36784,-105.53519,56
NPS_ROMO_HE__IB,40.3677,-105.53548,57
NPS_ROMO_HE__IB,40.36741,-105.53592,58
NPS_ROMO_HE__IB,40.36697,-105.53661,59
NPS_ROMO_HE__IB,40.3668,-105.53692,60
NPS_ROMO_HE__IB,40.36634,-105.53791,61
NPS_ROMO_HE__IB,40.36586,-105.53899,62
NPS_ROMO_HE__IB,40.36501,-105.54086,63
NPS_ROMO_HE__IB,40.36486,-105.54124,64
NPS_ROMO_HE__IB,40.36479,-105.54151,65
NPS_ROMO_HE__IB,40.36455,-105.54295,66
NPS_ROMO_HE__IB,40.36444,-105.54374,67
NPS_ROMO_HE__IB,40.36428,-105.54467,68
NPS_ROMO_HE__IB,40.36417,-105.54515,69
NPS_ROMO_HE__IB,40.36389,-105.54635,70
NPS_ROMO_HE__IB,40.36363,-105.54744,71
NPS_ROMO_HE__IB,40.36357,-105.54771,72
NPS_ROMO_HE__IB,40.36343,-105.54854,73
NPS_ROMO_HE__IB,40.36349,-105.54913,74
NPS_ROMO_HE__IB,40.36354,-105.5494,75
NPS_ROMO_HE__IB,40.36363,-105.5497,76
NPS_ROMO_HE__IB,40.3637,-105.54991,77
NPS_ROMO_HE__IB,40.3639,-105.55036,78
NPS_ROMO_HE__IB,40.36412,-105.5509,79
NPS_ROMO_HE__IB,40.36414,-105.55101,80
NPS_ROMO_HE__IB,40.36417,-105.55122,81
NPS_ROMO_HE__IB,40.36443,-105.55182,82
NPS_ROMO_HE__IB,40.36479,-105.55279,83
NPS_ROMO_HE__IB,40.36504,-105.5536,84
NPS_ROMO_HE__IB,40.36534,-105.55482,85
NPS_ROMO_HE__IB,40.3658,-105.55678,86
NPS_ROMO_HE__IB,40.36592,-105.55732,87
NPS_ROMO_HE__IB,40.36634,-105.55907,88
NPS_ROMO_HE__IB,40.3664,-105.55926,89
NPS_ROMO_HE__IB,40.36663,-105.56011,90
NPS_ROMO_HE__IB,40.36703,-105.56142,91
NPS_ROMO_HE__IB,40.36713,-105.56171,92
NPS_ROMO_HE__IB,40.36746,-105.56275,93
NPS_ROMO_HE__IB,40.36746,-105.5628,94
NPS_ROMO_HE__IB,40.36742,-105.56286,95
NPS_ROMO_HE__IB,40.3673,-105.5629,96
NPS_ROMO_HE__IB,40.3672,-105.56292,97
NPS_ROMO_HE__IB,40.36708,-105.56287,98
NPS_ROMO_HE__IB,40.36698,-105.56277,99
NPS_ROMO_HE__IB,40.36687,-105.5626,100
NPS_ROMO_HE__IB,40.36672,-105.56233,101
NPS_ROMO_HE__IB,40.36664,-105.56209,102
NPS_ROMO_HE__IB,40.36654,-105.56158,103
NPS_ROMO_HE__IB,40.36645,-105.56112,104
NPS_ROMO_HE__IB,40.36641,-105.56094,105
NPS_ROMO_HE__IB,40.36643,-105.56085,106
NPS_ROMO_HE__IB,40.36648,-105.56079,107
NPS_ROMO_HE__IB,40.36657,-105.56083,108
NPS_ROMO_HE__IB,40.36663,-105.56087,109
NPS_ROMO_HE__IB,40.36664,-105.56094,110
NPS_ROMO_HE__IB,40.36671,-105.56132,111
NPS_ROMO_HE__IB,40.36684,-105.56188,112
NPS_ROMO_HE__IB,40.36701,-105.56265,113
NPS_ROMO_HE__IB,40.36705,-105.56273,114
NPS_ROMO_HE__IB,40.36715,-105.56281,115
NPS_ROMO_HE__IB,40.36733,-105.56279,116
NPS_ROMO_HE__IB,40.36739,-105.56275,117
NPS_ROMO_HE__IB,40.36748,-105.56282,118
NPS_ROMO_HE__IB,40.36753,-105.56292,119
NPS_ROMO_HE__IB,40.36802,-105.56429,120
NPS_ROMO_HE__IB,40.3693,-105.56727,121
NPS_ROMO_HE__IB,40.36941,-105.5677,122
NPS_ROMO_HE__IB,40.36949,-105.56826,123
NPS_ROMO_HE__IB,40.36947,-105.56879,124
NPS_ROMO_HE__IB,40.36938,-105.5693,125
NPS_ROMO_HE__IB,40.36929,-105.56963,126
NPS_ROMO_HE__IB,40.36919,-105.56988,127
NPS_ROMO_HE__IB,40.36896,-105.57029,128
NPS_ROMO_HE__IB,40.36877,-105.57056,129
NPS_ROMO_HE__IB,40.36854,-105.57081,130
NPS_ROMO_HE__IB,40.36784,-105.57137,131
NPS_ROMO_HE__IB,40.36764,-105.57155,132
NPS_ROMO_HE__IB,40.36748,-105.57171,133
NPS_ROMO_HE__IB,40.36723,-105.57205,134
NPS_ROMO_HE__IB,40.36701,-105.5724,135
NPS_ROMO_HE__IB,40.36683,-105.57285,136
NPS_ROMO_HE__IB,40.36675,-105.5731,137
NPS_ROMO_HE__IB,40.36668,-105.57339,138
NPS_ROMO_HE__IB,40.36661,-105.57376,139
NPS_ROMO_HE__IB,40.36659,-105.57454,140
NPS_ROMO_HE__IB,40.36675,-105.57681,141
NPS_ROMO_HE__IB,40.36683,-105.57794,142
NPS_ROMO_HE__IB,40.36687,-105.57889,143
NPS_ROMO_HE__IB,40.36684,-105.57936,144
NPS_ROMO_HE__IB,40.36677,-105.57983,145
NPS_ROMO_HE__IB,40.36672,-105.5802,146
NPS_ROMO_HE__IB,40.36661,-105.58058,147
NPS_ROMO_HE__IB,40.36647,-105.581,148
NPS_ROMO_HE__IB,40.36633,-105.58137,149
NPS_ROMO_HE__IB,40.3661,-105.58182,150
NPS_ROMO_HE__IB,40.36598,-105.58215,151
NPS_ROMO_HE__IB,40.36583,-105.5826,152
NPS_ROMO_HE__IB,40.36574,-105.58301,153
NPS_ROMO_HE__IB,40.36567,-105.5835,154
NPS_ROMO_HE__IB,40.36566,-105.58392,155
NPS_ROMO_HE__IB,40.36569,-105.58424,156
NPS_ROMO_HE__IB,40.36577,-105.58467,157
NPS_ROMO_HE__IB,40.3659,-105.58515,158
NPS_ROMO_HE__IB,40.36562,-105.5853,159
NPS_ROMO_HE__IB,40.36547,-105.58535,160
NPS_ROMO_HE__IB,40.36536,-105.58535,161
NPS_ROMO_HE__IB,40.36528,-105.58533,162
NPS_ROMO_HE__IB,40.36517,-105.58528,163
NPS_ROMO_HE__IB,40.36495,-105.58508,164
NPS_ROMO_HE__IB,40.36218,-105.58221,165
NPS_ROMO_HE__IB,40.36188,-105.58193,166
NPS_ROMO_HE__IB,40.36157,-105.58175,167
NPS_ROMO_HE__IB,40.36137,-105.58168,168
NPS_ROMO_HE__IB,40.36121,-105.58167,169
NPS_ROMO_HE__IB,40.36104,-105.58168,170
NPS_ROMO_HE__IB,40.36081,-105.58173,171
NPS_ROMO_HE__IB,40.36066,-105.58182,172
NPS_ROMO_HE__IB,40.3605,-105.58194,173
NPS_ROMO_HE__IB,40.36023,-105.58222,174
NPS_ROMO_HE__IB,40.36008,-105.58249,175
NPS_ROMO_HE__IB,40.35999,-105.58272,176
NPS_ROMO_HE__IB,40.35992,-105.58303,177
NPS_ROMO_HE__IB,40.35989,-105.58347,178
NPS_ROMO_HE__IB,40.35991,-105.58398,179
NPS_ROMO_HE__IB,40.36002,-105.58595,180
NPS_ROMO_HE__IB,40.36013,-105.5867,181
NPS_ROMO_HE__IB,40.36023,-105.58713,182
NPS_ROMO_HE__IB,40.36048,-105.58787,183
NPS_ROMO_HE__IB,40.36057,-105.58826,184
NPS_ROMO_HE__IB,40.36061,-105.58871,185
NPS_ROMO_HE__IB,40.36058,-105.58938,186
NPS_ROMO_HE__IB,40.3605,-105.59001,187
NPS_ROMO_HE__IB,40.36043,-105.59028,188
NPS_ROMO_HE__IB,40.36032,-105.59045,189
NPS_ROMO_HE__IB,40.3602,-105.5906,190
NPS_ROMO_HE__IB,40.36002,-105.59072,191
NPS_ROMO_HE__IB,40.35981,-105.59078,192
NPS_ROMO_HE__IB,40.35962,-105.59078,193
NPS_ROMO_HE__IB,40.35943,-105.59072,194
NPS_ROMO_HE__IB,40.35925,-105.59057,195
NPS_ROMO_HE__IB,40.3591,-105.59036,196
NPS_ROMO_HE__IB,40.359,-105.59008,197
NPS_ROMO_HE__IB,40.35898,-105.58988,198
NPS_ROMO_HE__IB,40.359,-105.58956,199
NPS_ROMO_HE__IB,40.35917,-105.58877,200
NPS_ROMO_HE__IB,40.35925,-105.5883,201
NPS_ROMO_HE__IB,40.35927,-105.58796,202
NPS_ROMO_HE__IB,40.35926,-105.58762,203
NPS_ROMO_HE__IB,40.35922,-105.58726,204
NPS_ROMO_HE__IB,40.35916,-105.5869,205
NPS_ROMO_HE__IB,40.35904,-105.58649,206
NPS_ROMO_HE__IB,40.35896,-105.58627,207
NPS_ROMO_HE__IB,40.35884,-105.58605,208
NPS_ROMO_HE__IB,40.35883,-105.58603,209
NPS_ROMO_HE__IB,40.35884,-105.58596,210
NPS_ROMO_HE__IB,40.35889,-105.58589,211
NPS_ROMO_HE__IB,40.359,-105.58579,212
NPS_ROMO_HE__IB,40.35907,-105.58571,213
NPS_ROMO_HE__IB,40.3591,-105.58565,214
NPS_ROMO_HE__IB,40.35911,-105.58558,215
NPS_ROMO_HE__IB,40.35911,-105.5855,216
NPS_ROMO_HE__IB,40.35908,-105.58544,217
NPS_ROMO_HE__IB,40.35903,-105.58537,218
NPS_ROMO_HE__IB,40.35894,-105.58532,219
NPS_ROMO_HE__IB,40.35882,-105.58524,220
NPS_ROMO_HE__IB,40.35871,-105.5851,221
NPS_ROMO_HE__IB,40.35866,-105.58496,222
NPS_ROMO_HE__IB,40.35858,-105.58481,223
NPS_ROMO_HE__IB,40.35846,-105.58466,224
NPS_ROMO_HE__IB,40.3584,-105.58454,225
NPS_ROMO_HE__IB,40.35835,-105.5844,226
NPS_ROMO_HE__IB,40.35829,-105.58422,227
NPS_ROMO_HE__IB,40.35828,-105.5841,228
NPS_ROMO_HE__IB,40.3583,-105.58402,229
NPS_ROMO_HE__IB,40.35839,-105.58398,230
NPS_ROMO_HE__IB,40.35846,-105.58402,231
NPS_ROMO_HE__IB,40.35853,-105.58413,232
NPS_ROMO_HE__IB,40.35858,-105.58431,233
NPS_ROMO_HE__IB,40.35863,-105.58449,234
NPS_ROMO_HE__IB,40.35867,-105.5847,235
NPS_ROMO_HE__IB,40.35867,-105.58482,236
NPS_ROMO_HE__IB,40.35867,-105.58492,237
NPS_ROMO_HE__IB,40.35873,-105.58505,238
NPS_ROMO_HE__IB,40.35882,-105.58519,239
NPS_ROMO_HE__IB,40.35892,-105.58527,240
NPS_ROMO_HE__IB,40.35906,-105.58535,241
NPS_ROMO_HE__IB,40.35913,-105.58544,242
NPS_ROMO_HE__IB,40.35916,-105.58555,243
NPS_ROMO_HE__IB,40.35915,-105.58565,244
NPS_ROMO_HE__IB,40.35912,-105.58574,245
NPS_ROMO_HE__IB,40.35908,-105.5858,246
NPS_ROMO_HE__IB,40.359,-105.58587,247
NPS_ROMO_HE__IB,40.3589,-105.58595,248
NPS_ROMO_HE__IB,40.35886,-105.58597,249
NPS_ROMO_HE__IB,40.3588,-105.58597,250
NPS_ROMO_HE__IB,40.35876,-105.58593,251
NPS_ROMO_HE__IB,40.35848,-105.58546,252
NPS_ROMO_HE__IB,40.35826,-105.58519,253
NPS_ROMO_HE__IB,40.35803,-105.58499,254
NPS_ROMO_HE__IB,40.35725,-105.58447,255
NPS_ROMO_HE__IB,40.353,-105.58184,256
NPS_ROMO_HE__IB,40.35272,-105.58161,257
NPS_ROMO_HE__IB,40.35244,-105.5813,258
NPS_ROMO_HE__IB,40.35213,-105.58082,259
NPS_ROMO_HE__IB,40.35188,-105.58033,260
NPS_ROMO_HE__IB,40.35149,-105.57913,261
NPS_ROMO_HE__IB,40.35136,-105.57882,262
NPS_ROMO_HE__IB,40.3512,-105.57848,263
NPS_ROMO_HE__IB,40.35093,-105.5781,264
NPS_ROMO_HE__IB,40.35058,-105.57776,265
NPS_ROMO_HE__IB,40.35038,-105.5776,266
NPS_ROMO_HE__IB,40.35007,-105.5774,267
NPS_ROMO_HE__IB,40.34969,-105.57724,268
NPS_ROMO_HE__IB,40.34946,-105.5772,269
NPS_ROMO_HE__IB,40.34922,-105.57717,270
NPS_ROMO_HE__IB,40.34894,-105.57717,271
NPS_ROMO_HE__IB,40.34867,-105.5772,272
NPS_ROMO_HE__IB,40.34838,-105.57729,273
NPS_ROMO_HE__IB,40.34814,-105.5774,274
NPS_ROMO_HE__IB,40.34784,-105.5776,275
NPS_ROMO_HE__IB,40.34764,-105.57776,276
NPS_ROMO_HE__IB,40.3474,-105.57801,277
NPS_ROMO_HE__IB,40.34709,-105.57843,278
NPS_ROMO_HE__IB,40.34691,-105.57875,279
NPS_ROMO_HE__IB,40.34675,-105.57914,280
NPS_ROMO_HE__IB,40.34666,-105.57942,281
NPS_ROMO_HE__IB,40.34658,-105.57979,282
NPS_ROMO_HE__IB,40.34652,-105.58017,283
NPS_ROMO_HE__IB,40.34637,-105.58175,284
NPS_ROMO_HE__IB,40.34626,-105.58278,285
NPS_ROMO_HE__IB,40.34608,-105.58474,286
NPS_ROMO_HE__IB,40.34604,-105.58517,287
NPS_ROMO_HE__IB,40.34599,-105.58544,288
NPS_ROMO_HE__IB,40.34573,-105.58638,289
NPS_ROMO_HE__IB,40.34566,-105.58702,290
NPS_ROMO_HE__IB,40.34557,-105.58807,291
NPS_ROMO_HE__IB,40.34555,-105.58877,292
NPS_ROMO_HE__IB,40.34561,-105.58992,293
NPS_ROMO_HE__IB,40.34563,-105.59048,294
NPS_ROMO_HE__IB,40.34558,-105.59087,295
NPS_ROMO_HE__IB,40.3455,-105.59126,296
NPS_ROMO_HE__IB,40.34532,-105.59198,297
NPS_ROMO_HE__IB,40.34528,-105.5921,298
NPS_ROMO_HE__IB,40.34501,-105.59276,299
NPS_ROMO_HE__IB,40.34481,-105.59334,300
NPS_ROMO_HE__IB,40.3447,-105.59373,301
NPS_ROMO_HE__IB,40.34458,-105.59402,302
NPS_ROMO_HE__IB,40.34418,-105.59467,303
NPS_ROMO_HE__IB,40.34402,-105.59496,304
NPS_ROMO_HE__IB,40.34364,-105.59573,305
NPS_ROMO_HE__IB,40.34349,-105.59604,306
NPS_ROMO_HE__IB,40.34335,-105.59638,307
NPS_ROMO_HE__IB,40.34304,-105.59742,308
NPS_ROMO_HE__IB,40.34295,-105.59776,309
NPS_ROMO_HE__IB,40.34288,-105.59812,310
NPS_ROMO_HE__IB,40.34285,-105.59848,311
NPS_ROMO_HE__IB,40.34285,-105.59886,312
NPS_ROMO_HE__IB,40.3429,-105.59978,313
NPS_ROMO_HE__IB,40.34288,-105.60014,314
NPS_ROMO_HE__IB,40.34279,-105.60046,315
NPS_ROMO_HE__IB,40.34267,-105.60075,316
NPS_ROMO_HE__IB,40.34223,-105.60163,317
NPS_ROMO_HE__IB,40.34212,-105.60181,318
NPS_ROMO_HE__IB,40.34199,-105.60192,319
NPS_ROMO_HE__IB,40.3419,-105.60196,320
NPS_ROMO_HE__IB,40.3418,-105.60197,321
NPS_ROMO_HE__IB,40.34169,-105.60196,322
NPS_ROMO_HE__IB,40.34158,-105.60192,323
NPS_ROMO_HE__IB,40.3415,-105.60185,324
NPS_ROMO_HE__IB,40.34138,-105.60174,325
NPS_ROMO_HE__IB,40.34133,-105.6016,326
NPS_ROMO_HE__IB,40.34129,-105.60145,327
NPS_ROMO_HE__IB,40.34127,-105.60134,328
NPS_ROMO_HE__IB,40.34131,-105.60109,329
NPS_ROMO_HE__IB,40.34153,-105.60043,330
NPS_ROMO_HE__IB,40.34158,-105.60012,331
NPS_ROMO_HE__IB,40.34162,-105.59983,332
NPS_ROMO_HE__IB,40.34171,-105.59852,333
NPS_ROMO_HE__IB,40.34171,-105.5982,334
NPS_ROMO_HE__IB,40.34167,-105.59798,335
NPS_ROMO_HE__IB,40.34161,-105.59746,336
NPS_ROMO_HE__IB,40.34167,-105.59708,337
NPS_ROMO_HE__IB,40.34188,-105.59629,338
NPS_ROMO_HE__IB,40.3419,-105.59593,339
NPS_ROMO_HE__IB,40.34185,-105.59569,340
NPS_ROMO_HE__IB,40.34176,-105.59548,341
NPS_ROMO_HE__IB,40.34169,-105.59535,342
NPS_ROMO_HE__IB,40.34161,-105.59526,343
NPS_ROMO_HE__IB,40.34145,-105.59512,344
NPS_ROMO_HE__IB,40.34118,-105.59505,345
NPS_ROMO_HE__IB,40.34099,-105.59508,346
NPS_ROMO_HE__IB,40.34086,-105.59514,347
NPS_ROMO_HE__IB,40.34077,-105.59523,348
NPS_ROMO_HE__IB,40.34068,-105.59537,349
NPS_ROMO_HE__IB,40.34058,-105.59559,350
NPS_ROMO_HE__IB,40.34035,-105.59631,351
NPS_ROMO_HE__IB,40.34006,-105.5974,352
NPS_ROMO_HE__IB,40.33997,-105.59789,353
NPS_ROMO_HE__IB,40.33988,-105.59861,354
NPS_ROMO_HE__IB,40.33977,-105.59986,355
NPS_ROMO_HE__IB,40.33976,-105.60014,356
NPS_ROMO_HE__IB,40.3397,-105.60039,357
NPS_ROMO_HE__IB,40.33963,-105.60057,358
NPS_ROMO_HE__IB,40.33952,-105.60073,359
NPS_ROMO_HE__IB,40.33932,-105.60088,360
NPS_ROMO_HE__IB,40.33914,-105.60093,361
NPS_ROMO_HE__IB,40.33896,-105.60091,362
NPS_ROMO_HE__IB,40.33845,-105.60075,363
NPS_ROMO_HE__IB,40.33808,-105.60068,364
NPS_ROMO_HE__IB,40.33791,-105.60068,365
NPS_ROMO_HE__IB,40.33771,-105.6007,366
NPS_ROMO_HE__IB,40.33757,-105.60073,367
NPS_ROMO_HE__IB,40.33735,-105.60082,368
NPS_ROMO_HE__IB,40.33667,-105.60118,369
NPS_ROMO_HE__IB,40.33627,-105.60136,370
NPS_ROMO_HE__IB,40.33616,-105.60138,371
NPS_ROMO_HE__IB,40.33601,-105.60138,372
NPS_ROMO_HE__IB,40.33589,-105.60135,373
NPS_ROMO_HE__IB,40.33574,-105.60129,374
NPS_ROMO_HE__IB,40.33565,-105.6012,375
NPS_ROMO_HE__IB,40.33551,-105.60102,376
NPS_ROMO_HE__IB,40.33504,-105.59987,377
NPS_ROMO_HE__IB,40.33482,-105.59938,378
NPS_ROMO_HE__IB,40.33461,-105.59908,379
NPS_ROMO_HE__IB,40.33438,-105.59887,380
NPS_ROMO_HE__IB,40.3341,-105.59872,381
NPS_ROMO_HE__IB,40.33395,-105.59869,382
NPS_ROMO_HE__IB,40.33379,-105.59866,383
NPS_ROMO_HE__IB,40.33354,-105.59872,384
NPS_ROMO_HE__IB,40.33324,-105.59884,385
NPS_ROMO_HE__IB,40.33251,-105.59929,386
NPS_ROMO_HE__IB,40.33234,-105.59938,387
NPS_ROMO_HE__IB,40.33214,-105.59944,388
NPS_ROMO_HE__IB,40.3318,-105.59953,389
NPS_ROMO_HE__IB,40.33158,-105.59964,390
NPS_ROMO_HE__IB,40.3314,-105.59978,391
NPS_ROMO_HE__IB,40.33115,-105.60005,392
NPS_ROMO_HE__IB,40.33097,-105.60021,393
NPS_ROMO_HE__IB,40.33085,-105.6003,394
NPS_ROMO_HE__IB,40.33068,-105.60034,395
NPS_ROMO_HE__IB,40.33059,-105.60034,396
NPS_ROMO_HE__IB,40.33048,-105.6003,397
NPS_ROMO_HE__IB,40.32988,-105.60001,398
NPS_ROMO_HE__IB,40.32978,-105.59998,399
NPS_ROMO_HE__IB,40.3297,-105.60002,400
NPS_ROMO_HE__IB,40.32957,-105.6002,401
NPS_ROMO_HE__IB,40.3294,-105.60047,402
NPS_ROMO_HE__IB,40.32936,-105.60059,403
NPS_ROMO_HE__IB,40.32937,-105.6007,404
NPS_ROMO_HE__IB,40.32936,-105.60082,405
NPS_ROMO_HE__IB,40.32933,-105.60102,406
NPS_ROMO_HE__IB,40.32927,-105.6012,407
NPS_ROMO_HE__IB,40.32922,-105.60133,408
NPS_ROMO_HE__IB,40.32913,-105.60137,409
NPS_ROMO_HE__IB,40.32906,-105.60134,410
NPS_ROMO_HE__IB,40.329,-105.60129,411
NPS_ROMO_HE__IB,40.329,-105.60118,412
NPS_ROMO_HE__IB,40.32906,-105.60103,413
NPS_ROMO_HE__IB,40.32923,-105.60086,414
NPS_ROMO_BL__OB,40.32934,-105.60093,1
NPS_ROMO_BL__OB,40.32929,-105.60118,2
NPS_ROMO_BL__OB,40.32925,-105.60131,3
NPS_ROMO_BL__OB,40.32919,-105.60134,4
NPS_ROMO_BL__OB,40.32912,-105.60135,5
NPS_ROMO_BL__OB,40.32907,-105.60133,6
NPS_ROMO_BL__OB,40.32901,-105.60128,7
NPS_ROMO_BL__OB,40.32901,-105.60118,8
NPS_ROMO_BL__OB,40.32905,-105.60104,9
NPS_ROMO_BL__OB,40.32916,-105.60092,10
NPS_ROMO_BL__OB,40.32925,-105.60086,11
NPS_ROMO_BL__OB,40.32929,-105.60077,12
NPS_ROMO_BL__OB,40.32931,-105.60066,13
NPS_ROMO_BL__OB,40.32931,-105.60059,14
NPS_ROMO_BL__OB,40.32934,-105.6005,15
NPS_ROMO_BL__OB,40.32939,-105.60041,16
NPS_ROMO_BL__OB,40.32951,-105.6002,17
NPS_ROMO_BL__OB,40.32961,-105.60004,18
NPS_ROMO_BL__OB,40.32961,-105.59998,19
NPS_ROMO_BL__OB,40.3296,-105.59991,20
NPS_ROMO_BL__OB,40.32956,-105.59983,21
NPS_ROMO_BL__OB,40.3295,-105.59978,22
NPS_ROMO_BL__OB,40.32904,-105.59946,23
NPS_ROMO_BL__OB,40.32878,-105.59932,24
NPS_ROMO_BL__OB,40.32857,-105.59929,25
NPS_ROMO_BL__OB,40.32844,-105.59932,26
NPS_ROMO_BL__OB,40.32831,-105.5994,27
NPS_ROMO_BL__OB,40.32817,-105.59953,28
NPS_ROMO_BL__OB,40.32795,-105.59983,29
NPS_ROMO_BL__OB,40.32788,-105.59995,30
NPS_ROMO_BL__OB,40.32774,-105.60019,31
NPS_ROMO_BL__OB,40.32761,-105.6005,32
NPS_ROMO_BL__OB,40.32752,-105.60066,33
NPS_ROMO_BL__OB,40.32744,-105.60073,34
NPS_ROMO_BL__OB,40.32733,-105.60082,35
NPS_ROMO_BL__OB,40.32719,-105.60088,36
NPS_ROMO_BL__OB,40.3267,-105.60104,37
NPS_ROMO_BL__OB,40.32651,-105.60113,38
NPS_ROMO_BL__OB,40.3263,-105.60129,39
NPS_ROMO_BL__OB,40.32614,-105.60144,40
NPS_ROMO_BL__OB,40.32612,-105.60147,41
NPS_ROMO_BL__OB,40.326,-105.60165,42
NPS_ROMO_BL__OB,40.32584,-105.60198,43
NPS_ROMO_BL__OB,40.32549,-105.60291,44
NPS_ROMO_BL__OB,40.32544,-105.60309,45
NPS_ROMO_BL__OB,40.32542,-105.60345,46
NPS_ROMO_BL__OB,40.32542,-105.60366,47
NPS_ROMO_BL__OB,40.3254,-105.60387,48
NPS_ROMO_BL__OB,40.3253,-105.6041,49
NPS_ROMO_BL__OB,40.32508,-105.60442,50
NPS_ROMO_BL__OB,40.32501,-105.60469,51
NPS_ROMO_BL__OB,40.32502,-105.60523,52
NPS_ROMO_BL__OB,40.32508,-105.60624,53
NPS_ROMO_BL__OB,40.32504,-105.6066,54
NPS_ROMO_BL__OB,40.32493,-105.60687,55
NPS_ROMO_BL__OB,40.32477,-105.60708,56
NPS_ROMO_BL__OB,40.3243,-105.60744,57
NPS_ROMO_BL__OB,40.32392,-105.60777,58
NPS_ROMO_BL__OB,40.32351,-105.60827,59
NPS_ROMO_BL__OB,40.32298,-105.60897,60
NPS_ROMO_BL__OB,40.32249,-105.6096,61
NPS_ROMO_BL__OB,40.32239,-105.60969,62
NPS_ROMO_BL__OB,40.3223,-105.60975,63
NPS_ROMO_BL__OB,40.32219,-105.60977,64
NPS_ROMO_BL__OB,40.32208,-105.60977,65
NPS_ROMO_BL__OB,40.32168,-105.60969,66
NPS_ROMO_BL__OB,40.32145,-105.60971,67
NPS_ROMO_BL__OB,40.32119,-105.60982,68
NPS_ROMO_BL__OB,40.32098,-105.60998,69
NPS_ROMO_BL__OB,40.32081,-105.61018,70
NPS_ROMO_BL__OB,40.32074,-105.61032,71
NPS_ROMO_BL__OB,40.3207,-105.61047,72
NPS_ROMO_BL__OB,40.32067,-105.61063,73
NPS_ROMO_BL__OB,40.32067,-105.61086,74
NPS_ROMO_BL__OB,40.32072,-105.61158,75
NPS_ROMO_BL__OB,40.32072,-105.61211,76
NPS_ROMO_BL__OB,40.32065,-105.61271,77
NPS_ROMO_BL__OB,40.32045,-105.61363,78
NPS_ROMO_BL__OB,40.32041,-105.61388,79
NPS_ROMO_BL__OB,40.3204,-105.61421,80
NPS_ROMO_BL__OB,40.32047,-105.6163,81
NPS_ROMO_BL__OB,40.32045,-105.61684,82
NPS_ROMO_BL__OB,40.3203,-105.61752,83
NPS_ROMO_BL__OB,40.32025,-105.61784,84
NPS_ROMO_BL__OB,40.32025,-105.61827,85
NPS_ROMO_BL__OB,40.32027,-105.6191,86
NPS_ROMO_BL__OB,40.32025,-105.61932,87
NPS_ROMO_BL__OB,40.32007,-105.62047,88
NPS_ROMO_BL__OB,40.32007,-105.62097,89
NPS_ROMO_BL__OB,40.32016,-105.62187,90
NPS_ROMO_BL__OB,40.32029,-105.62324,91
NPS_ROMO_BL__OB,40.32034,-105.62324,92
NPS_ROMO_BL__OB,40.32038,-105.62325,93
NPS_ROMO_BL__OB,40.32041,-105.62327,94
NPS_ROMO_BL__OB,40.32046,-105.62331,95
NPS_ROMO_BL__OB,40.32049,-105.62337,96
NPS_ROMO_BL__OB,40.3205,-105.62349,97
NPS_ROMO_BL__OB,40.32051,-105.62357,98
NPS_ROMO_BL__OB,40.32051,-105.62364,99
NPS_ROMO_BL__OB,40.3205,-105.62369,100
NPS_ROMO_BL__OB,40.32049,-105.62374,101
NPS_ROMO_BL__OB,40.32046,-105.62381,102
NPS_ROMO_BL__OB,40.32043,-105.62386,103
NPS_ROMO_BL__OB,40.32039,-105.6239,104
NPS_ROMO_BL__OB,40.32036,-105.62392,105
NPS_ROMO_BL__OB,40.32035,-105.62395,106
NPS_ROMO_BL__OB,40.32036,-105.62418,107
NPS_ROMO_BL__OB,40.32035,-105.6245,108
NPS_ROMO_BL__OB,40.32016,-105.62556,109
NPS_ROMO_BL__OB,40.32007,-105.62597,110
NPS_ROMO_BL__OB,40.32,-105.62614,111
NPS_ROMO_BL__OB,40.31985,-105.62639,112
NPS_ROMO_BL__OB,40.31957,-105.62689,113
NPS_ROMO_BL__OB,40.31917,-105.62783,114
NPS_ROMO_BL__OB,40.31904,-105.62805,115
NPS_ROMO_BL__OB,40.31895,-105.62817,116
NPS_ROMO_BL__OB,40.31879,-105.62833,117
NPS_ROMO_BL__OB,40.31853,-105.62853,118
NPS_ROMO_BL__OB,40.31801,-105.62891,119
NPS_ROMO_BL__OB,40.31781,-105.6291,120
NPS_ROMO_BL__OB,40.31767,-105.62932,121
NPS_ROMO_BL__OB,40.31758,-105.62952,122
NPS_ROMO_BL__OB,40.31729,-105.63053,123
NPS_ROMO_BL__OB,40.31668,-105.63216,124
NPS_ROMO_BL__OB,40.31651,-105.63259,125
NPS_ROMO_BL__OB,40.31633,-105.63292,126
NPS_ROMO_BL__OB,40.31613,-105.63328,127
NPS_ROMO_BL__OB,40.31598,-105.63349,128
NPS_ROMO_BL__OB,40.31551,-105.634,129
NPS_ROMO_BL__OB,40.31528,-105.63436,130
NPS_ROMO_BL__OB,40.31507,-105.63472,131
NPS_ROMO_BL__OB,40.31492,-105.63488,132
NPS_ROMO_BL__OB,40.3147,-105.63504,133
NPS_ROMO_BL__OB,40.31456,-105.63517,134
NPS_ROMO_BL__OB,40.31447,-105.63527,135
NPS_ROMO_BL__OB,40.31439,-105.63544,136
NPS_ROMO_BL__OB,40.31429,-105.63575,137
NPS_ROMO_BL__OB,40.31422,-105.63594,138
NPS_ROMO_BL__OB,40.31409,-105.63619,139
NPS_ROMO_BL__OB,40.31373,-105.6368,140
NPS_ROMO_BL__OB,40.31366,-105.63689,141
NPS_ROMO_BL__OB,40.31354,-105.63702,142
NPS_ROMO_BL__OB,40.3134,-105.6371,143
NPS_ROMO_BL__OB,40.31328,-105.63715,144
NPS_ROMO_BL__OB,40.31316,-105.63716,145
NPS_ROMO_BL__OB,40.31303,-105.63716,146
NPS_ROMO_BL__OB,40.31286,-105.63709,147
NPS_ROMO_BL__OB,40.31271,-105.63698,148
NPS_ROMO_BL__OB,40.31257,-105.63684,149
NPS_ROMO_BL__OB,40.31232,-105.6365,150
NPS_ROMO_BL__OB,40.31219,-105.63638,151
NPS_ROMO_BL__OB,40.31208,-105.6363,152
NPS_ROMO_BL__OB,40.31192,-105.63626,153
NPS_ROMO_BL__OB,40.31175,-105.63626,154
NPS_ROMO_BL__OB,40.31109,-105.63653,155
NPS_ROMO_BL__OB,40.3108,-105.63668,156
NPS_ROMO_BL__OB,40.31064,-105.6368,157
NPS_ROMO_BL__OB,40.31053,-105.637,158
NPS_ROMO_BL__OB,40.31045,-105.6372,159
NPS_ROMO_BL__OB,40.3102,-105.63812,160
NPS_ROMO_BL__OB,40.31012,-105.63839,161
NPS_ROMO_BL__OB,40.31002,-105.63859,162
NPS_ROMO_BL__OB,40.30977,-105.63887,163
NPS_ROMO_BL__OB,40.30966,-105.639,164
NPS_ROMO_BL__OB,40.30961,-105.63909,165
NPS_ROMO_BL__OB,40.30957,-105.6392,166
NPS_ROMO_BL__OB,40.30959,-105.63932,167
NPS_ROMO_BL__OB,40.30963,-105.63943,168
NPS_ROMO_BL__OB,40.30969,-105.63952,169
NPS_ROMO_BL__OB,40.30975,-105.63958,170
NPS_ROMO_BL__OB,40.30984,-105.63959,171
NPS_ROMO_BL__OB,40.31001,-105.63952,172
NPS_ROMO_BL__OB,40.31073,-105.6389,173
NPS_ROMO_BL__OB,40.31122,-105.63854,174
NPS_ROMO_BL__OB,40.31142,-105.63842,175
NPS_ROMO_BL__OB,40.31151,-105.63842,176
NPS_ROMO_BL__OB,40.31158,-105.63846,177
NPS_ROMO_BL__OB,40.31169,-105.63857,178
NPS_ROMO_BL__OB,40.31174,-105.63873,179
NPS_ROMO_BL__OB,40.31172,-105.63891,180
NPS_ROMO_BL__OB,40.31165,-105.63902,181
NPS_ROMO_BL__OB,40.31116,-105.6394,182
NPS_ROMO_BL__OB,40.31104,-105.63959,183
NPS_ROMO_BL__OB,40.31058,-105.64053,184
NPS_ROMO_BL__OB,40.31052,-105.64055,185
NPS_ROMO_BL__OB,40.31048,-105.64048,186
NPS_ROMO_BL__OB,40.31044,-105.64042,187
NPS_ROMO_BL__OB,40.31043,-105.64034,188
NPS_ROMO_BL__OB,40.31048,-105.64024,189
NPS_ROMO_BL__OB,40.31057,-105.64009,190
NPS_ROMO_BL__OB,40.31068,-105.6399,191
NPS_ROMO_BL__OB,40.31079,-105.63969,192
NPS_ROMO_BL__OB,40.31095,-105.6394,193
NPS_ROMO_BL__OB,40.31107,-105.63926,194
NPS_ROMO_BL__OB,40.31116,-105.63926,195
NPS_ROMO_BL__OB,40.31119,-105.63931,196
NPS_ROMO_BL__OB,40.31119,-105.63936,197
NPS_ROMO_BL__OB,40.31106,-105.63954,198
NPS_ROMO_BL__OB,40.31053,-105.64062,199
NPS_ROMO_BL__OB,40.31047,-105.64076,200
NPS_ROMO_BL__OB,40.31031,-105.64103,201
NPS_ROMO_BL__OB,40.31018,-105.64116,202
NPS_ROMO_BL__OB,40.31009,-105.64123,203
NPS_ROMO_BL__OB,40.30975,-105.64143,204
NPS_ROMO_BL__OB,40.3096,-105.64159,205
NPS_ROMO_BL__OB,40.30946,-105.64179,206
NPS_ROMO_BL__OB,40.30936,-105.64202,207
NPS_ROMO_BL__OB,40.30925,-105.6424,208
NPS_ROMO_BL__OB,40.30917,-105.6426,209
NPS_ROMO_BL__OB,40.30904,-105.64278,210
NPS_ROMO_BL__OB,40.30889,-105.64292,211
NPS_ROMO_BL__OB,40.30874,-105.643,212
NPS_ROMO_BL__OB,40.30859,-105.64303,213
NPS_ROMO_BL__OB,40.30833,-105.64303,214
NPS_ROMO_BL__OB,40.30819,-105.64309,215
NPS_ROMO_BL__OB,40.30812,-105.64315,216
NPS_ROMO_BL__OB,40.30807,-105.64327,217
NPS_ROMO_BL__OB,40.3081,-105.64341,218
NPS_ROMO_BL__OB,40.3082,-105.64354,219
NPS_ROMO_BL__OB,40.30834,-105.64355,220
NPS_ROMO_BL__OB,40.30957,-105.64312,221
NPS_ROMO_BL__OB,40.30989,-105.64308,222
NPS_ROMO_BL__OB,40.31017,-105.64303,223
NPS_ROMO_BL__OB,40.31026,-105.643,224
NPS_ROMO_BL__OB,40.31037,-105.6429,225
NPS_ROMO_BL__OB,40.31042,-105.64283,226
NPS_ROMO_BL__OB,40.31071,-105.64215,227
NPS_ROMO_BL__OB,40.31083,-105.6419,228
NPS_ROMO_BL__OB,40.31104,-105.64157,229
NPS_ROMO_BL__OB,40.3113,-105.64118,230
NPS_ROMO_BL__OB,40.31154,-105.64085,231
NPS_ROMO_BL__OB,40.3119,-105.64049,232
NPS_ROMO_BL__OB,40.31208,-105.64037,233
NPS_ROMO_BL__OB,40.31228,-105.64029,234
NPS_ROMO_BL__OB,40.31269,-105.64017,235
NPS_ROMO_BL__OB,40.31289,-105.6401,236
NPS_ROMO_BL__OB,40.31327,-105.6399,237
NPS_ROMO_BL__OB,40.31333,-105.63988,238
NPS_ROMO_BL__OB,40.3134,-105.6399,239
NPS_ROMO_BL__OB,40.31345,-105.63995,240
NPS_ROMO_BL__OB,40.31348,-105.64003,241
NPS_ROMO_BL__OB,40.31349,-105.64012,242
NPS_ROMO_BL__OB,40.31347,-105.6402,243
NPS_ROMO_BL__OB,40.3134,-105.64026,244
NPS_ROMO_BL__OB,40.31329,-105.6403,245
NPS_ROMO_BL__OB,40.31299,-105.64031,246
NPS_ROMO_BL__OB,40.31283,-105.64037,247
NPS_ROMO_BL__OB,40.31269,-105.64046,248
NPS_ROMO_BL__OB,40.31255,-105.64062,249
NPS_ROMO_BL__OB,40.31228,-105.64096,250
NPS_ROMO_BL__OB,40.31212,-105.64127,251
NPS_ROMO_BL__OB,40.31201,-105.6415,252
NPS_ROMO_BL__OB,40.31195,-105.64172,253
NPS_ROMO_BL__OB,40.31189,-105.64202,254
NPS_ROMO_BL__OB,40.31181,-105.64258,255
NPS_ROMO_BL__OB,40.31181,-105.643,256
NPS_ROMO_BL__OB,40.31182,-105.64354,257
NPS_ROMO_BL__OB,40.31183,-105.64454,258
NPS_ROMO_BL__OB,40.31187,-105.64484,259
NPS_ROMO_BL__OB,40.31197,-105.64544,260
NPS_ROMO_BL__OB,40.31202,-105.6455,261
NPS_ROMO_BL__OB,40.31206,-105.64557,262
NPS_ROMO_BL__OB,40.31204,-105.6457,263
NPS_ROMO_BL__OB,40.31198,-105.64575,264
NPS_ROMO_BL__OB,40.3119,-105.64575,265
NPS_ROMO_BL__OB,40.31182,-105.6457,266
NPS_ROMO_BL__OB,40.31181,-105.64564,267
NPS_ROMO_BL__OB,40.31182,-105.64552,268
NPS_ROMO_BL__OB,40.31177,-105.64529,269
NPS_ROMO_BL__IB,40.31198,-105.64545,1
NPS_ROMO_BL__IB,40.31204,-105.64551,2
NPS_ROMO_BL__IB,40.31205,-105.64559,3
NPS_ROMO_BL__IB,40.31203,-105.64566,4
NPS_ROMO_BL__IB,40.31199,-105.64574,5
NPS_ROMO_BL__IB,40.31192,-105.64575,6
NPS_ROMO_BL__IB,40.31183,-105.64568,7
NPS_ROMO_BL__IB,40.31181,-105.64554,8
NPS_ROMO_BL__IB,40.31178,-105.64536,9
NPS_ROMO_BL__IB,40.31171,-105.645,10
NPS_ROMO_BL__IB,40.31167,-105.64428,11
NPS_ROMO_BL__IB,40.31164,-105.64311,12
NPS_ROMO_BL__IB,40.31166,-105.64296,13
NPS_ROMO_BL__IB,40.31171,-105.64284,14
NPS_ROMO_BL__IB,40.31178,-105.6427,15
NPS_ROMO_BL__IB,40.31181,-105.6426,16
NPS_ROMO_BL__IB,40.31189,-105.64202,17
NPS_ROMO_BL__IB,40.31195,-105.64172,18
NPS_ROMO_BL__IB,40.31212,-105.64127,19
NPS_ROMO_BL__IB,40.31228,-105.64096,20
NPS_ROMO_BL__IB,40.31255,-105.64062,21
NPS_ROMO_BL__IB,40.31269,-105.64046,22
NPS_ROMO_BL__IB,40.31283,-105.64037,23
NPS_ROMO_BL__IB,40.31299,-105.64031,24
NPS_ROMO_BL__IB,40.31315,-105.64031,25
NPS_ROMO_BL__IB,40.31329,-105.6403,26
NPS_ROMO_BL__IB,40.3134,-105.64026,27
NPS_ROMO_BL__IB,40.31347,-105.6402,28
NPS_ROMO_BL__IB,40.31349,-105.64012,29
NPS_ROMO_BL__IB,40.31348,-105.64003,30
NPS_ROMO_BL__IB,40.31345,-105.63995,31
NPS_ROMO_BL__IB,40.3134,-105.6399,32
NPS_ROMO_BL__IB,40.31333,-105.63988,33
NPS_ROMO_BL__IB,40.31327,-105.6399,34
NPS_ROMO_BL__IB,40.31316,-105.63995,35
NPS_ROMO_BL__IB,40.31289,-105.6401,36
NPS_ROMO_BL__IB,40.31269,-105.64017,37
NPS_ROMO_BL__IB,40.31228,-105.64029,38
NPS_ROMO_BL__IB,40.31208,-105.64037,39
NPS_ROMO_BL__IB,40.3119,-105.64049,40
NPS_ROMO_BL__IB,40.31172,-105.64066,41
NPS_ROMO_BL__IB,40.31154,-105.64085,42
NPS_ROMO_BL__IB,40.3113,-105.64118,43
NPS_ROMO_BL__IB,40.31083,-105.6419,44
NPS_ROMO_BL__IB,40.31071,-105.64215,45
NPS_ROMO_BL__IB,40.31048,-105.64267,46
NPS_ROMO_BL__IB,40.31037,-105.6429,47
NPS_ROMO_BL__IB,40.31026,-105.643,48
NPS_ROMO_BL__IB,40.31017,-105.64303,49
NPS_ROMO_BL__IB,40.30968,-105.6431,50
NPS_ROMO_BL__IB,40.3087,-105.64342,51
NPS_ROMO_BL__IB,40.30834,-105.64355,52
NPS_ROMO_BL__IB,40.30827,-105.64355,53
NPS_ROMO_BL__IB,40.3082,-105.64354,54
NPS_ROMO_BL__IB,40.30815,-105.64348,55
NPS_ROMO_BL__IB,40.30809,-105.64336,56
NPS_ROMO_BL__IB,40.3081,-105.64319,57
NPS_ROMO_BL__IB,40.30815,-105.6431,58
NPS_ROMO_BL__IB,40.30824,-105.64305,59
NPS_ROMO_BL__IB,40.30851,-105.64303,60
NPS_ROMO_BL__IB,40.30867,-105.64301,61
NPS_ROMO_BL__IB,40.30881,-105.64296,62
NPS_ROMO_BL__IB,40.30897,-105.64285,63
NPS_ROMO_BL__IB,40.3091,-105.64269,64
NPS_ROMO_BL__IB,40.30917,-105.6426,65
NPS_ROMO_BL__IB,40.30925,-105.6424,66
NPS_ROMO_BL__IB,40.30936,-105.64202,67
NPS_ROMO_BL__IB,40.30946,-105.64179,68
NPS_ROMO_BL__IB,40.3096,-105.64159,69
NPS_ROMO_BL__IB,40.30966,-105.6415,70
NPS_ROMO_BL__IB,40.30984,-105.64137,71
NPS_ROMO_BL__IB,40.31018,-105.64116,72
NPS_ROMO_BL__IB,40.31031,-105.64103,73
NPS_ROMO_BL__IB,40.31049,-105.64071,74
NPS_ROMO_BL__IB,40.31049,-105.64063,75
NPS_ROMO_BL__IB,40.31047,-105.64054,76
NPS_ROMO_BL__IB,40.31043,-105.64044,77
NPS_ROMO_BL__IB,40.31041,-105.64038,78
NPS_ROMO_BL__IB,40.31043,-105.64032,79
NPS_ROMO_BL__IB,40.31049,-105.6402,80
NPS_ROMO_BL__IB,40.31061,-105.64003,81
NPS_ROMO_BL__IB,40.31075,-105.63977,82
NPS_ROMO_BL__IB,40.311,-105.63932,83
NPS_ROMO_BL__IB,40.31112,-105.63922,84
NPS_ROMO_BL__IB,40.31118,-105.63924,85
NPS_ROMO_BL__IB,40.31127,-105.63929,86
NPS_ROMO_BL__IB,40.31162,-105.63905,87
NPS_ROMO_BL__IB,40.31172,-105.63891,88
NPS_ROMO_BL__IB,40.31174,-105.63873,89
NPS_ROMO_BL__IB,40.31169,-105.63857,90
NPS_ROMO_BL__IB,40.31158,-105.63846,91
NPS_ROMO_BL__IB,40.31151,-105.63842,92
NPS_ROMO_BL__IB,40.31142,-105.63842,93
NPS_ROMO_BL__IB,40.31122,-105.63854,94
NPS_ROMO_BL__IB,40.31073,-105.6389,95
NPS_ROMO_BL__IB,40.31001,-105.63952,96
NPS_ROMO_BL__IB,40.30984,-105.63959,97
NPS_ROMO_BL__IB,40.30975,-105.63958,98
NPS_ROMO_BL__IB,40.30969,-105.63952,99
NPS_ROMO_BL__IB,40.30963,-105.63943,100
NPS_ROMO_BL__IB,40.30959,-105.63932,101
NPS_ROMO_BL__IB,40.30957,-105.6392,102
NPS_ROMO_BL__IB,40.30961,-105.63909,103
NPS_ROMO_BL__IB,40.30966,-105.639,104
NPS_ROMO_BL__IB,40.30977,-105.63887,105
NPS_ROMO_BL__IB,40.31002,-105.63859,106
NPS_ROMO_BL__IB,40.31012,-105.63839,107
NPS_ROMO_BL__IB,40.3102,-105.63812,108
NPS_ROMO_BL__IB,40.31045,-105.6372,109
NPS_ROMO_BL__IB,40.31053,-105.637,110
NPS_ROMO_BL__IB,40.31064,-105.6368,111
NPS_ROMO_BL__IB,40.3108,-105.63668,112
NPS_ROMO_BL__IB,40.31109,-105.63653,113
NPS_ROMO_BL__IB,40.31175,-105.63626,114
NPS_ROMO_BL__IB,40.31192,-105.63626,115
NPS_ROMO_BL__IB,40.31208,-105.6363,116
NPS_ROMO_BL__IB,40.31219,-105.63638,117
NPS_ROMO_BL__IB,40.31232,-105.6365,118
NPS_ROMO_BL__IB,40.31257,-105.63684,119
NPS_ROMO_BL__IB,40.31271,-105.63698,120
NPS_ROMO_BL__IB,40.31286,-105.63709,121
NPS_ROMO_BL__IB,40.31303,-105.63716,122
NPS_ROMO_BL__IB,40.31316,-105.63716,123
NPS_ROMO_BL__IB,40.31328,-105.63715,124
NPS_ROMO_BL__IB,40.3134,-105.6371,125
NPS_ROMO_BL__IB,40.31354,-105.63702,126
NPS_ROMO_BL__IB,40.31366,-105.63689,127
NPS_ROMO_BL__IB,40.31373,-105.6368,128
NPS_ROMO_BL__IB,40.31409,-105.63619,129
NPS_ROMO_BL__IB,40.31422,-105.63594,130
NPS_ROMO_BL__IB,40.31429,-105.63575,131
NPS_ROMO_BL__IB,40.31439,-105.63544,132
NPS_ROMO_BL__IB,40.31447,-105.63527,133
NPS_ROMO_BL__IB,40.31456,-105.63517,134
NPS_ROMO_BL__IB,40.3147,-105.63504,135
NPS_ROMO_BL__IB,40.31492,-105.63488,136
NPS_ROMO_BL__IB,40.31507,-105.63472,137
NPS_ROMO_BL__IB,40.31528,-105.63436,138
NPS_ROMO_BL__IB,40.31551,-105.634,139
NPS_ROMO_BL__IB,40.31598,-105.63349,140
NPS_ROMO_BL__IB,40.31613,-105.63328,141
NPS_ROMO_BL__IB,40.31633,-105.63292,142
NPS_ROMO_BL__IB,40.31651,-105.63259,143
NPS_ROMO_BL__IB,40.31668,-105.63216,144
NPS_ROMO_BL__IB,40.31729,-105.63053,145
NPS_ROMO_BL__IB,40.31758,-105.62952,146
NPS_ROMO_BL__IB,40.31767,-105.62932,147
NPS_ROMO_BL__IB,40.31781,-105.6291,148
NPS_ROMO_BL__IB,40.31801,-105.62891,149
NPS_ROMO_BL__IB,40.31853,-105.62853,150
NPS_ROMO_BL__IB,40.31879,-105.62833,151
NPS_ROMO_BL__IB,40.31895,-105.62817,152
NPS_ROMO_BL__IB,40.31904,-105.62805,153
NPS_ROMO_BL__IB,40.31917,-105.62783,154
NPS_ROMO_BL__IB,40.31957,-105.62689,155
NPS_ROMO_BL__IB,40.31985,-105.62639,156
NPS_ROMO_BL__IB,40.32,-105.62614,157
NPS_ROMO_BL__IB,40.32007,-105.62597,158
NPS_ROMO_BL__IB,40.32016,-105.62556,159
NPS_ROMO_BL__IB,40.32035,-105.6245,160
NPS_ROMO_BL__IB,40.32036,-105.62407,161
NPS_ROMO_BL__IB,40.32031,-105.62341,162
NPS_ROMO_BL__IB,40.3203,-105.62329,163
NPS_ROMO_BL__IB,40.32031,-105.62324,164
NPS_ROMO_BL__IB,40.32037,-105.62324,165
NPS_ROMO_BL__IB,40.32045,-105.62328,166
NPS_ROMO_BL__IB,40.32049,-105.62335,167
NPS_ROMO_BL__IB,40.32051,-105.62344,168
NPS_ROMO_BL__IB,40.32052,-105.62358,169
NPS_ROMO_BL__IB,40.32051,-105.62372,170
NPS_ROMO_BL__IB,40.32046,-105.62382,171
NPS_ROMO_BL__IB,40.32041,-105.62384,172
NPS_ROMO_BL__IB,40.32035,-105.62383,173
NPS_ROMO_BL__IB,40.3202,-105.62227,174
NPS_ROMO_BL__IB,40.32011,-105.6213,175
NPS_ROMO_BL__IB,40.32007,-105.62065,176
NPS_ROMO_BL__IB,40.32013,-105.62004,177
NPS_ROMO_BL__IB,40.32021,-105.61964,178
NPS_ROMO_BL__IB,40.32025,-105.61924,179
NPS_ROMO_BL__IB,40.32027,-105.61878,180
NPS_ROMO_BL__IB,40.32025,-105.61784,181
NPS_ROMO_BL__IB,40.32036,-105.61714,182
NPS_ROMO_BL__IB,40.32041,-105.61701,183
NPS_ROMO_BL__IB,40.32045,-105.61684,184
NPS_ROMO_BL__IB,40.32045,-105.61655,185
NPS_ROMO_BL__IB,40.32047,-105.61644,186
NPS_ROMO_BL__IB,40.3204,-105.61448,187
NPS_ROMO_BL__IB,40.3204,-105.61403,188
NPS_ROMO_BL__IB,40.32043,-105.61374,189
NPS_ROMO_BL__IB,40.32063,-105.61284,190
NPS_ROMO_BL__IB,40.32072,-105.61226,191
NPS_ROMO_BL__IB,40.32072,-105.61169,192
NPS_ROMO_BL__IB,40.3207,-105.61117,193
NPS_ROMO_BL__IB,40.32067,-105.61072,194
NPS_ROMO_BL__IB,40.32068,-105.61056,195
NPS_ROMO_BL__IB,40.32072,-105.61039,196
NPS_ROMO_BL__IB,40.32078,-105.61025,197
NPS_ROMO_BL__IB,40.32092,-105.61003,198
NPS_ROMO_BL__IB,40.32112,-105.60986,199
NPS_ROMO_BL__IB,40.32139,-105.60973,200
NPS_ROMO_BL__IB,40.32162,-105.60969,201
NPS_ROMO_BL__IB,40.32201,-105.60976,202
NPS_ROMO_BL__IB,40.32213,-105.60977,203
NPS_ROMO_BL__IB,40.32224,-105.60976,204
NPS_ROMO_BL__IB,40.32244,-105.60967,205
NPS_ROMO_BL__IB,40.32275,-105.60928,206
NPS_ROMO_BL__IB,40.32309,-105.60883,207
NPS_ROMO_BL__IB,40.32385,-105.60786,208
NPS_ROMO_BL__IB,40.32421,-105.6075,209
NPS_ROMO_BL__IB,40.32456,-105.60726,210
NPS_ROMO_BL__IB,40.32477,-105.60708,211
NPS_ROMO_BL__IB,40.32486,-105.60699,212
NPS_ROMO_BL__IB,40.32495,-105.60683,213
NPS_ROMO_BL__IB,40.32502,-105.60666,214
NPS_ROMO_BL__IB,40.32508,-105.60635,215
NPS_ROMO_BL__IB,40.32501,-105.60483,216
NPS_ROMO_BL__IB,40.32502,-105.6046,217
NPS_ROMO_BL__IB,40.32506,-105.60447,218
NPS_ROMO_BL__IB,40.32522,-105.60422,219
NPS_ROMO_BL__IB,40.32535,-105.60401,220
NPS_ROMO_BL__IB,40.32539,-105.6039,221
NPS_ROMO_BL__IB,40.32542,-105.60378,222
NPS_ROMO_BL__IB,40.32542,-105.60357,223
NPS_ROMO_BL__IB,40.32542,-105.60318,224
NPS_ROMO_BL__IB,40.32546,-105.603,225
NPS_ROMO_BL__IB,40.32565,-105.60244,226
NPS_ROMO_BL__IB,40.32593,-105.60176,227
NPS_ROMO_BL__IB,40.32607,-105.60154,228
NPS_ROMO_BL__IB,40.32622,-105.60136,229
NPS_ROMO_BL__IB,40.3264,-105.6012,230
NPS_ROMO_BL__IB,40.32661,-105.60108,231
NPS_ROMO_BL__IB,40.32683,-105.601,232
NPS_ROMO_BL__IB,40.32727,-105.60084,233
NPS_ROMO_BL__IB,40.32741,-105.60077,234
NPS_ROMO_BL__IB,40.32757,-105.60059,235
NPS_ROMO_BL__IB,40.32782,-105.60005,236
NPS_ROMO_BL__IB,40.32804,-105.59971,237
NPS_ROMO_BL__IB,40.32824,-105.59946,238
NPS_ROMO_BL__IB,40.32837,-105.59935,239
NPS_ROMO_BL__IB,40.3285,-105.59929,240
NPS_ROMO_BL__IB,40.32869,-105.59929,241
NPS_ROMO_BL__IB,40.32888,-105.59935,242
NPS_ROMO_BL__IB,40.32924,-105.59959,243
NPS_ROMO_BL__IB,40.32944,-105.59973,244
NPS_ROMO_BL__IB,40.32965,-105.59987,245
NPS_ROMO_BL__IB,40.32967,-105.59997,246
NPS_ROMO_BL__IB,40.32964,-105.60008,247
NPS_ROMO_BL__IB,40.32953,-105.60025,248
NPS_ROMO_BL__IB,40.3294,-105.60045,249
NPS_ROMO_BL__IB,40.32936,-105.60061,250
NPS_ROMO_BL__IB,40.32937,-105.60071,251
NPS_ROMO_BL__IB,40.32936,-105.60083,252
NPS_ROMO_BL__IB,40.32933,-105.601,253
NPS_ROMO_BL__IB,40.32927,-105.60124,254
NPS_ROMO_BL__IB,40.32917,-105.60138,255
NPS_ROMO_BL__IB,40.32907,-105.60136,256
NPS_ROMO_BL__IB,40.329,-105.60128,257
NPS_ROMO_BL__IB,40.329,-105.60114,258
NPS_ROMO_BL__IB,40.32907,-105.601,259
NPS_ROMO_BL__IB,40.32918,-105.60089,260
NPS_ROMO_BL__IB,40.32925,-105.6008,261
